2.273778572668649597e-05
3.561150088930374309e-05
4.826285628716446536e-05
6.814834141550818187e-05
5.904537899750134572e-05
2.925159530301850092e-05
2.310518687321042120e-05
2.017776096768248974e-05
2.138017295341872599e-05
1.290521214239179754e-05
1.692984493851431359e-05
2.154682793235977237e-05
4.607934236065052786e-05
5.107880347817886851e-05
4.970316706843028594e-05
5.707446677358044977e-05
4.604533639775904491e-05
3.492015557640115866e-05
1.558742907593935504e-05
1.192401234748690725e-05
1.159128780727769447e-05
1.176880966976653020e-05
1.533392279018386262e-05
2.647460192463771793e-05
6.023072766707158836e-05
6.881875184002897254e-05
4.938490488829331773e-05
7.815739645593567091e-05
6.428847970504824520e-05
4.642629149505713560e-05
2.295995768837465645e-05
1.753765076089973187e-05
1.876968572105397403e-05
2.023705050234067155e-05
1.736407724350167648e-05
3.251560896676588522e-05
2.462659216278904675e-05
2.845701431551463348e-05
3.964657920615506989e-05
6.631691376242087883e-05
4.908105168602384179e-05
3.890578209393424642e-05
2.745753191711921879e-05
2.244687613945702353e-05
1.631666074028241125e-05
1.412586143391448038e-05
1.903758759193389453e-05
1.027150081300115379e-05
2.076183955629541875e-05
2.839694814705079172e-05
7.448861816233294910e-05
6.826913825837739602e-05
5.029669421586028117e-05
2.315276700149600863e-05
1.940966801832414901e-05
1.277383231471533087e-05
1.644693998533360363e-05
1.248035743464749013e-05
9.649002171152609719e-06
1.616801367179214116e-05
3.634221436060198752e-05
8.938821065385127440e-05
1.078708642566080883e-04
9.251418341591489112e-05
6.384977349361795637e-05
2.619173040632934575e-05
2.072107106927902588e-05
1.161005731055117743e-05
1.404556269098596563e-05
9.385674269263826546e-06
2.506578782733489205e-05
3.879554911221812886e-05
3.965212536352356377e-05
3.755128942170163846e-05
4.459283680320837346e-05
4.283506617260476179e-05
5.120071868840304463e-05
2.916471482118746864e-05
1.963340579799654410e-05
1.325434157978076749e-05
1.383445996907539632e-05
9.054410957142248082e-06
3.335650024685795219e-05
3.619367542693996095e-05
3.332096290368128868e-05
2.741656170915770580e-05
3.190351504423644282e-05
6.785865795488159042e-05
4.897679965295303242e-05
3.208471692535871245e-05
2.409511363376007118e-05
1.846668467277918141e-05
1.429331782105691741e-05
1.339789616070579753e-05
9.904646910493161344e-06
1.658467508669850344e-05
3.214148609326765725e-05
5.071047711806323893e-05
5.458286860600985215e-05
5.241476076965530397e-05
5.248342964595424312e-05
4.198314818495419012e-05
2.428502481169773227e-05
1.837311024686524459e-05
1.446618232042358838e-05
1.727898007740324667e-05
2.091175789568448445e-05
3.146782779784492172e-05
5.299569848800949381e-05
6.350403509713942185e-05
3.901429579033696276e-05
2.890276085357375708e-05
2.801154304536119475e-05
3.789407346630468829e-05
1.980991827064914853e-05
1.526802738695668242e-05
9.910070305825987097e-06
1.308280901052820529e-05
9.637506297721642345e-06
1.395704745675171605e-05
