4.718598938779905438e-05
1.555181188450660557e-05
1.085913754650391638e-04
4.312567398301325738e-06
2.877470979001373053e-05
5.063740786681591999e-07
4.594254642142914236e-05
6.838452577540010680e-07
1.950386831595096737e-05
8.216303285735193640e-06
1.015373072732472792e-06
2.014840902120340616e-05
7.495516183553263545e-05
4.399306635605171323e-05
4.479429094317310955e-07
1.108065498556243256e-05
2.924446926044765860e-05
2.399093864369206131e-05
2.589554924270487390e-06
3.718363586813211441e-06
1.726285518088843673e-06
2.189497081417357549e-06
2.199070877395570278e-05
2.075783777399919927e-05
4.250826350471470505e-06
9.403588592249434441e-06
3.053926320717437193e-06
3.094724524999037385e-05
5.948024045210331678e-05
1.342705854767700657e-05
4.719081698567606509e-05
3.575909067876636982e-05
2.439448326185811311e-05
1.450641684641595930e-05
3.749080860870890319e-05
6.932731776032596827e-05
2.099717312376014888e-05
4.502300726016983390e-05
2.058127938653342426e-05
2.186844358220696449e-05
2.224017953267320991e-05
1.993371370190288872e-05
4.241239730617962778e-05
1.914981294248718768e-05
2.103878614434506744e-05
2.537950058467686176e-05
1.177456724690273404e-04
1.819985482143238187e-05
1.852756577136460692e-05
2.286645212734583765e-05
1.958559732884168625e-05
8.823710231808945537e-05
2.240306821477133781e-05
1.689270357019267976e-05
2.210618549725040793e-05
6.374201620928943157e-05
4.232567516737617552e-05
3.093113627983257174e-05
4.009571784990839660e-05
6.897236744407564402e-05
2.295897320436779410e-05
5.234086347627453506e-05
1.000838383333757520e-04
6.339374522212892771e-05
2.720211159612517804e-05
6.203386146808043122e-05
4.463876757654361427e-05
7.784499030094593763e-05
3.130078766844235361e-05
3.106596341240219772e-05
8.592593076173216105e-05
5.011065150029025972e-05
3.165750968037173152e-05
3.536138319759629667e-05
3.157715036650188267e-05
4.333681499701924622e-05
3.667251803562976420e-05
3.457459752098657191e-05
4.674876618082635105e-05
3.870169166475534439e-05
4.624972279998473823e-05
6.912131357239559293e-05
2.514698098821099848e-05
6.184961966937407851e-05
3.708748408826068044e-05
8.755346061661839485e-05
5.726896415580995381e-05
3.546145671862177551e-05
4.344639819464646280e-05
4.699711280409246683e-05
3.843511512968689203e-05
4.786136560142040253e-05
2.852679972420446575e-05
3.110485704382881522e-05
7.809406815795227885e-05
2.808787758112885058e-05
3.836050746031105518e-05
5.121269714436493814e-05
3.770377225009724498e-05
2.836311250575818121e-05
4.216235902276821434e-05
7.371795072685927153e-05
3.632814696175046265e-05
7.115688640624284744e-05
2.841195782821159810e-05
6.880396540509536862e-05
1.281586883123964071e-04
4.496303517953492701e-05
4.286628245608881116e-05
1.130821547121740878e-04
4.219493348500691354e-05
5.148991840542294085e-05
4.173700290266424417e-05
1.019738774630241096e-04
4.185506622889079154e-05
1.454680314054712653e-04
1.788398076314479113e-04
6.558493623742833734e-05
1.389930257573723793e-04
1.382538321195170283e-04
7.909332634881138802e-05
6.833200313849374652e-05
6.710457091685384512e-05
6.455815309891477227e-05
8.402339153690263629e-05
7.156654464779421687e-05
9.248335845768451691e-05
9.758146916283294559e-05
5.070634870207868516e-05
8.427656575804576278e-05
6.391515489667654037e-05
7.347564678639173508e-05
4.693740993388928473e-05
4.651221024687401950e-05
4.015925514977425337e-05
4.968764551449567080e-05
4.175529829808510840e-05
8.810415602056309581e-05
3.874247340718284249e-05
1.006928505375981331e-04
8.577413973398506641e-05
4.105989864910952747e-05
4.220547634758986533e-05
5.747085742768831551e-05
3.900627416442148387e-05
4.271418220014311373e-05
4.201015326543711126e-05
3.679649307741783559e-05
4.042998625664040446e-05
6.313754420261830091e-05
3.670698424684815109e-05
3.248025313951075077e-05
6.810555350966751575e-05
3.082786861341446638e-05
3.314958303235471249e-05
3.149016629322431982e-05
3.104346615145914257e-05
3.017267408722545952e-05
2.934533040388487279e-05
2.852572833944577724e-05
2.703015161387156695e-05
2.676943950064014643e-05
2.568570016592275351e-05
3.553084388840943575e-05
2.388455868640448898e-05
2.576018050604034215e-05
2.510232479835394770e-05
3.885976184392347932e-05
2.578434032329823822e-05
2.307994691364001483e-05
6.037849016138352454e-05
2.439807940390892327e-05
1.645411248318850994e-05
3.011674016306642443e-05
1.519708439445821568e-05
1.978372893063351512e-05
1.749065995682030916e-05
4.039990017190575600e-05
1.995874299609567970e-05
1.983035144803579897e-05
3.340592593303881586e-05
1.998642437683884054e-05
2.006638715101871639e-05
3.713499245350249112e-05
1.788452209439128637e-05
2.557993138907477260e-05
1.354838968836702406e-05
2.396903983026277274e-05
1.391241130477283150e-05
9.370925909024663270e-06
1.984634400287177414e-05
6.751753971911966801e-05
1.790950591384898871e-05
9.589126420905813575e-06
8.836707820591982454e-06
1.704145688563585281e-05
1.668840923230163753e-05
7.653517241124063730e-05
1.497565153840696439e-05
2.309274532308336347e-05
2.360642429266590625e-05
5.003362457500770688e-05
1.489668011345202103e-05
1.460180556023260579e-05
1.216747568832943216e-05
2.611037780297920108e-05
4.825317319046007469e-06
1.337448884441982955e-05
2.174361179640982300e-05
1.283114943362306803e-05
1.259469172509852797e-05
6.592654244741424918e-05
1.004934438242344186e-05
1.193192383652785793e-05
1.157489077741047367e-05
1.121754576161038131e-05
1.090745536203030497e-05
3.281500175944529474e-05
6.847490294603630900e-05
2.687945743673481047e-05
7.177122461143881083e-05
9.408162441104650497e-06
8.836787856125738472e-06
6.307602689048508182e-06
7.387025561911286786e-06
1.083133702195482329e-05
9.776453953236341476e-05
8.490737855026964098e-06
8.338888619618956000e-06
8.342069122591055930e-06
4.598587565851630643e-06
1.342598625342361629e-05
5.274291470414027572e-05
8.387381058128084987e-06
1.180958679469767958e-05
3.950681275455281138e-06
2.217838527940330096e-06
8.080104635155294091e-06
2.909076783907948993e-06
7.762004679534584284e-05
5.342720669432310387e-06
7.843159437470603734e-06
7.754606485832482576e-06
7.548345820396207273e-06
2.187334075642866082e-06
1.949543502632877789e-06
7.173210633482085541e-06
8.367023838218301535e-05
1.881173193396534771e-05
1.228797918884083629e-05
6.774870143999578431e-06
6.637669685005676001e-06
6.588355972780846059e-06
7.352843567787203938e-06
9.522847221887786873e-07
1.248738990398123860e-04
7.401130278594791889e-05
5.720189165003830567e-06
5.626250185741810128e-06
2.665507236088160425e-05
5.372663963498780504e-06
2.278597457916475832e-05
2.952980366899282672e-07
1.988331314350944012e-05
1.794134476540421019e-07
4.997428391106950585e-07
4.881550921709276736e-06
7.864249346312135458e-05
1.451182015443919227e-05
1.200450242322403938e-06
1.653947765589691699e-05
4.272411752026528120e-05
3.777745587285608053e-05
4.838641416426980868e-06
1.285356211155885831e-05
2.204868678745697252e-06
6.940590992599027231e-06
4.609849838743684813e-06
1.015968518913723528e-05
3.727797320607351139e-06
4.420712230057688430e-06
2.226452977538428968e-07
7.685789569222833961e-06
4.135897142987232655e-06
4.098736098967492580e-06
4.082024588569765911e-06
7.349724910454824567e-05
3.911191015504300594e-06
3.876048594975145534e-06
4.448539402801543474e-05
3.759985247597796842e-06
3.707839368871646002e-06
3.620469897214206867e-06
5.966978278593160212e-06
4.194390839984407648e-06
2.249113094876520336e-05
3.851274959743022919e-05
3.218000347260385752e-05
3.099311925325309858e-06
3.056328978345845826e-06
2.507732688172836788e-06
1.260639874089974910e-05
4.717253978014923632e-05
2.648378540470730513e-06
2.362529630772769451e-05
3.301634933450259268e-05
1.930059261212591082e-05
4.719865742686124577e-08
3.293691770522855222e-05
1.810374669730663300e-05
2.350667273276485503e-05
1.878848706837743521e-05
1.561013391437882092e-06
1.222059927385998890e-05
4.658858961192891002e-05
2.326588037249166518e-05
2.542929600224397291e-08
1.168857352240593173e-06
4.689765046350657940e-05
1.233338753081625327e-05
9.818900252867024392e-07
3.750403993763029575e-05
3.929797094315290451e-05
1.540656921861227602e-05
7.241229468490928411e-06
2.601716732897330076e-05
5.396955060632535606e-08
4.102482307644095272e-06
6.840444939371082000e-07
6.403193992809974588e-07
1.144584803114412352e-05
5.923363914916990325e-07
5.747785962739726529e-07
7.304304017452523112e-05
5.482901883624435868e-07
5.406197374213661533e-07
1.435579088138183579e-05
5.083958853902004194e-07
4.809721758647356182e-07
3.826067313639214262e-06
1.185045184683986008e-04
4.045737682645267341e-07
5.626489837595727295e-06
1.674992256006646585e-09
7.372293886476199987e-09
7.899153388279955834e-06
7.544799154857173562e-05
8.170580258592963219e-05
2.685272022517892765e-07
2.533919314373633824e-07
2.394493776591843925e-07
1.222981882165186107e-05
1.124911796068772674e-05
3.268459977334714495e-06
6.810208508234438796e-10
4.255319799995049834e-05
7.331978849833831191e-05
5.854695336893200874e-05
7.632866783069403027e-08
2.691473855520598590e-05
8.080604311544448137e-05
1.286061888094991446e-07
9.462521120440214872e-06
2.377622543292545743e-08
1.775401506165508181e-05
2.033202690654434264e-05
2.855745697161182761e-05
5.789827991975471377e-05
3.842088699457235634e-05
4.331831951276399195e-05
3.287445724708959460e-05
5.269481698633171618e-05
8.780575626587960869e-07
2.584414323791861534e-05
6.841885624453425407e-05
4.259516936144791543e-05
6.624247907893732190e-05
2.997285810124594718e-05
1.006907696137204766e-04
1.176762634713668376e-05
6.014968676026910543e-05
8.985604654299095273e-05
7.007991371210664511e-05
4.227863610140047967e-05
5.416547355707734823e-05
3.394555824343115091e-05
4.740038275485858321e-05
3.393420047359541059e-05
4.121229721931740642e-05
4.368530426290817559e-05
3.707305950229056180e-05
6.893076351843774319e-05
3.736752114491537213e-05
5.364798198570497334e-05
5.313138171914033592e-05
4.109520159545354545e-05
9.121161565417423844e-05
3.761358675546944141e-05
3.943614501622505486e-05
2.872325785574503243e-05
5.504340515471994877e-05
5.776328544015996158e-05
3.237635610275901854e-05
3.187939364579506218e-05
3.364520307513885200e-05
5.946082455920986831e-05
2.949763438664376736e-05
6.641242362093180418e-05
2.260735163872595876e-05
3.462899258011020720e-05
3.208984344382770360e-05
5.493174103321507573e-05
5.530906491912901402e-05
4.867712050327099860e-05
4.827976226806640625e-05
7.120020018192008138e-05
5.085706652607768774e-05
6.531764665851369500e-05
4.146952414885163307e-05
1.009941843221895397e-04
3.898641443811357021e-05
4.444047590368427336e-05
6.881720037199556828e-05
8.853677718434482813e-05
7.704423478571698070e-05
5.807334673590958118e-05
8.198007708415389061e-05
4.958949284628033638e-05
9.507814684184268117e-05
4.607194932759739459e-05
5.161205990589223802e-05
4.458249168237671256e-05
4.362295658211223781e-05
4.913238080916926265e-05
4.366660868981853127e-05
4.283179805497638881e-05
4.187592639937065542e-05
4.076666300534270704e-05
3.962599657825194299e-05
3.441534136072732508e-05
3.425889372010715306e-05
3.631813888205215335e-05
3.703109541675075889e-05
5.825984408147633076e-05
3.201559593435376883e-05
3.024036959686782211e-05
5.532059367396868765e-05
2.671039146662224084e-05
3.302010736661031842e-05
6.029807263985276222e-05
4.249258563504554331e-05
1.210951159009709954e-04
2.978596603497862816e-05
2.843648508132901043e-05
7.554545300081372261e-05
3.665918120532296598e-05
6.229245627764612436e-05
3.153548095724545419e-05
4.845514922635629773e-05
5.059167233412154019e-05
9.028208296513184905e-05
7.242446736199781299e-05
5.618319846689701080e-05
6.271633901633322239e-05
5.627927021123468876e-05
4.241665374138392508e-05
1.397095620632171631e-04
6.082149047870188951e-05
4.962053935742005706e-05
5.571141809923574328e-05
5.097422399558126926e-05
4.672439536079764366e-05
1.319596776738762856e-04
4.280342909623868763e-05
4.646641173167154193e-05
7.201275002444162965e-05
4.945891487295739353e-05
4.477841139305382967e-05
6.303677946561947465e-05
4.247342440066859126e-05
4.297119448892772198e-05
4.205609729979187250e-05
4.150285894866101444e-05
3.889058643835596740e-05
4.042588625452481210e-05
4.015238300780765712e-05
5.616434646071866155e-05
5.529808186111040413e-05
3.921378447557799518e-05
4.780010567628778517e-05
3.474811819614842534e-05
3.915173874702304602e-05
6.244557880563661456e-05
6.170431879581883550e-05
4.890529089607298374e-05
9.077120193978771567e-05
4.196790177957154810e-05
3.895278496202081442e-05
4.524844189290888608e-05
5.766973845311440527e-05
5.093392246635630727e-05
4.026623355457559228e-05
4.739838550449348986e-05
3.939354792237281799e-05
3.804761945502832532e-05
3.578162431949749589e-05
3.655406180769205093e-05
1.009330735541880131e-04
2.902127744164317846e-05
4.584998896461911500e-05
4.483501106733456254e-05
3.204091262887232006e-05
3.339497197885066271e-05
3.118001041002571583e-05
3.042101343453396112e-05
3.115995787084102631e-05
2.737318936851806939e-05
1.004769292194396257e-04
6.311901233857497573e-05
5.853497350472025573e-05
2.971764297399204224e-05
5.628437429550103843e-05
4.046643880428746343e-05
3.519387973938137293e-05
3.270022352808155119e-05
3.362915231264196336e-05
3.656647095340304077e-05
5.048208186053670943e-05
2.981673424073960632e-05
3.897973510902374983e-05
2.839151602529454976e-05
3.313845081720501184e-05
2.804837276926264167e-05
2.838621185219381005e-05
2.683080128917936236e-05
2.618281723698601127e-05
4.063270171172916889e-05
2.744846824498381466e-05
2.159267205570358783e-05
2.541991307225544006e-05
2.424092417641077191e-05
3.051774547202512622e-05
2.054063588730059564e-05
1.513224106020061299e-05
1.933585735969245434e-05
1.842450001277029514e-05
1.610304207133594900e-05
1.703393536445219070e-05
1.638441608520224690e-05
2.910323928517755121e-05
1.522467118775239214e-05
1.465707555325934663e-05
2.236842192360199988e-05
1.404864906362490728e-05
1.318772774538956583e-05
1.213055384141625836e-05
1.181771222036331892e-05
1.247362979484023526e-05
1.270829670829698443e-05
1.274845271836966276e-05
1.020140098262345418e-05
2.431958819215651602e-05
1.383493872708640993e-05
1.291831085836747661e-05
1.298198822041740641e-05
1.309334402321837842e-05
1.249967863259371370e-05
1.013126529869623482e-05
1.302519558521453291e-05
9.926130587700754404e-06
1.291549688176019117e-05
5.180514563107863069e-05
1.263198737433413044e-05
1.543847247376106679e-05
1.263817011931678280e-05
1.251840058102970943e-05
1.234096362168202177e-05
1.168150083685759455e-05
1.198718928208108991e-05
1.191743558592861518e-05
1.179816172225400805e-05
1.172331030829809606e-05
1.157538736151764169e-05
1.130335476773325354e-05
1.107272237277356908e-05
1.084679570340085775e-05
1.065917967935092747e-05
1.043067550199339166e-05
4.191226980765350163e-05
5.460544798552291468e-06
1.001433611236279830e-05
9.748068805492948741e-06
9.458882232138421386e-06
9.187966497847810388e-06
8.948393769969698042e-06
8.751942914386745542e-06
8.456525392830371857e-06
8.188348147086799145e-06
4.792940671904943883e-05
1.679221168160438538e-05
1.245140356331830844e-05
7.190435098891612142e-06
6.977123121032491326e-06
6.789779490645742044e-06
6.836413376731798053e-06
6.892323654028587043e-06
5.747271188738523051e-06
6.915023277542786673e-06
3.138188048978918232e-06
8.428512046521063894e-06
4.572071702568791807e-06
6.915542144270148128e-06
6.908931482030311599e-06
3.384566980457748286e-06
2.669935201993212104e-05
1.196610537590458989e-05
2.368334753555245697e-05
2.320526436960790306e-05
6.684375875920522958e-06
5.135502760822419077e-06
4.799698945134878159e-05
6.311010110948700458e-06
1.094763774744933471e-06
1.597439108991238754e-06
7.776993697916623205e-06
1.200582914862025063e-06
2.606976340757682920e-05
2.126891013176646084e-05
2.057155870716087520e-05
5.564055754803121090e-06
5.451376637211069465e-06
7.086455752869369462e-06
4.123536200495436788e-05
4.937132871418725699e-06
4.856053692492423579e-06
4.770100531459320337e-06
4.661362254410050809e-06
4.566963070828933269e-06
4.410936981003032997e-06
4.293605798011412844e-06
4.245115178491687402e-06
4.153741883783368394e-06
4.078608526469906792e-06
4.082094619661802426e-06
4.095687472727149725e-06
2.944953666883520782e-05
4.082474788447143510e-06
3.783225110964849591e-05
7.909048690635245293e-06
3.736378857865929604e-05
4.116736363357631490e-06
4.079747668583877385e-06
1.620006150915287435e-05
3.951043618144467473e-05
3.922025825886521488e-06
3.820161509793251753e-06
3.804585276157013141e-06
3.733333187483367510e-06
3.708938947966089472e-06
3.603696541176759638e-06
3.544952051015570760e-06
1.223754111379093956e-06
1.892032923933584243e-05
3.842863952741026878e-05
3.319393726997077465e-06
3.297703869975521229e-06
5.771790867470372177e-08
3.206869678251678124e-06
6.033712634234689176e-05
1.277045248571084812e-05
3.007686245837248862e-06
2.944080961242434569e-06
2.860543872884591110e-06
2.800047468554112129e-06
2.707189423745148815e-06
2.649935595400165766e-06
1.681801222730427980e-05
3.716638161677110475e-07
3.706139978021383286e-05
2.420842747596907429e-06
2.290075372002320364e-06
2.160977373932837509e-06
1.809286231946316548e-07
1.923519675983698107e-06
8.824265023577027023e-06
5.950428749201819301e-05
6.268946250997942116e-09
1.516976340099063236e-06
1.429931785423832480e-06
1.349322701571509242e-06
2.043023050646297634e-05
1.202336875394394156e-06
1.136579840022022836e-06
1.220927788381231949e-05
3.288163861725479364e-05
3.261009624111466110e-05
6.507717625936493278e-05
7.660887058591470122e-05
5.226306893746368587e-05
7.591546022922557313e-07
7.165952524701424409e-07
8.879566303221508861e-05
3.738746454473584890e-05
5.504032014869153500e-05
4.226784221827983856e-05
5.078486719867214561e-05
9.228898306901101023e-06
4.909668973596126307e-07
2.325525747437495738e-05
3.071746050409274176e-06
4.976635682396590710e-05
3.737820952665060759e-05
4.068034468218684196e-05
3.279240991105325520e-05
3.586414322853670456e-06
7.926927736434663530e-08
5.254787902231328189e-05
4.806292608350304363e-08
5.490597686730325222e-05
1.324595359619706869e-05
2.116081248004775262e-07
5.590997898252680898e-05
3.433331949054263532e-05
6.123424554971279576e-06
4.429755426826886833e-05
7.174588517955271527e-06
8.441329555353149772e-06
3.113435411705722800e-07
7.602282494190149009e-06
5.947757745161652565e-05
1.043548763846047223e-05
2.422311445116065443e-05
1.322538173553766683e-05
1.062960109265986830e-05
7.043964615149889141e-06
1.596513538970611989e-05
1.442320208298042417e-04
8.891378092812374234e-05
4.412013367982581258e-05
1.793224510038271546e-04
6.418267003027722239e-05
9.359223622595891356e-05
6.082569598220288754e-05
6.709565786877647042e-05
9.192396828439086676e-05
5.748387775383889675e-05
4.472720320336520672e-05
5.066015728516504169e-05
8.152194641297683120e-05
1.119649532483890653e-04
5.904115459998138249e-05
4.811389953829348087e-05
5.750865966547280550e-05
6.178632611408829689e-05
6.158382166177034378e-05
4.982098471373319626e-05
6.215156463440507650e-05
5.599467112915590405e-05
5.053501445217989385e-05
4.594161509885452688e-05
5.258540841168724000e-05
5.769251583842560649e-05
5.753262303187511861e-05
6.292409671004861593e-05
1.210363698191940784e-04
6.049366493243724108e-05
6.161107739899307489e-05
1.521841913927346468e-04
5.072967178421095014e-05
5.265978325041942298e-05
5.312749635777436197e-05
6.801068229833617806e-05
4.869085751124657691e-05
5.010051972931250930e-05
4.894985249848105013e-05
4.454631562111899257e-05
9.945451165549457073e-05
7.090889266692101955e-05
4.264766175765544176e-05
2.015689824474975467e-04
4.289581920602358878e-05
8.693331619724631310e-05
9.686134580988436937e-05
4.195648580207489431e-05
6.828999903518706560e-05
5.752957440563477576e-05
4.305376933189108968e-05
4.263341907062567770e-05
4.190155596006661654e-05
4.773308319272473454e-05
6.132130511105060577e-05
5.182374297874048352e-05
1.163172273663803935e-04
3.216858021914958954e-05
4.294733298593200743e-05
3.789573747781105340e-05
3.599685805966146290e-05
3.637466215877793729e-05
3.863023812300525606e-05
3.447874769335612655e-05
3.229716458008624613e-05
3.695722625707276165e-05
9.582860366208478808e-05
6.820340786362066865e-05
3.215776450815610588e-05
3.428532363614067435e-05
4.077816629433073103e-05
3.874407775583676994e-05
3.102468690485693514e-05
2.080459671560674906e-04
3.288369771325960755e-05
3.864382597384974360e-05
3.862756420858204365e-05
3.432474841247312725e-05
3.735833524842746556e-05
3.664915857370942831e-05
3.860066499328240752e-05
3.147456664009951055e-05
5.216134377405978739e-05
3.619824201450683177e-05
2.760792449407745153e-05
1.404129434376955032e-04
7.390777318505570292e-05
1.467319088988006115e-04
9.355219663120806217e-05
4.202609125059098005e-05
4.982907557860016823e-05
4.336811980465427041e-05
1.102739115594886243e-04
4.342571992310695350e-05
4.367754809209145606e-05
4.345077832113020122e-05
4.697591066360473633e-05
2.085165178868919611e-04
4.510423241299577057e-05
4.930852810502983630e-05
4.442140561877749860e-05
6.131912232376635075e-05
4.332503522164188325e-05
3.995555016444995999e-05
6.314769416349008679e-05
4.314490797696635127e-05
1.449165138183161616e-04
8.496957161696627736e-05
3.721366738318465650e-05
2.593791869003325701e-04
1.191428818856365979e-04
5.848942601005546749e-05
8.103891741484403610e-05
5.608883293461985886e-05
7.199526589829474688e-05
5.116508327773772180e-05
5.844992119818925858e-05
1.190889888675883412e-04
9.497237624600529671e-05
5.298596443026326597e-05
4.838554013986140490e-05
1.784189807949587703e-04
6.702185783069580793e-05
5.369353675632737577e-05
5.400068766903132200e-05
4.984021870768629014e-05
7.431175617966800928e-05
4.341653766459785402e-05
4.257490945747122169e-05
4.214447835693135858e-05
5.145428804098628461e-05
4.014117439510300756e-05
5.968510959064587951e-05
3.885872501996345818e-05
3.808224573731422424e-05
3.224713873350992799e-05
3.927559009753167629e-05
5.972979852231219411e-05
1.161179461632855237e-04
3.379508052603341639e-05
3.358420508448034525e-05
5.063601565780118108e-05
5.677082299371249974e-05
1.302707969443872571e-04
1.098278298741206527e-04
5.565346873481757939e-05
7.100973743945360184e-05
3.812022623606026173e-05
4.161641118116676807e-05
1.059874703059904277e-04
4.460369382286444306e-05
1.009104234981350601e-04
6.327978189801797271e-05
3.894972542184405029e-05
3.907024438376538455e-05
3.878552888636477292e-05
3.833793743979185820e-05
3.751149415620602667e-05
5.715241422876715660e-05
4.785367855220101774e-05
3.621464566094800830e-05
4.493225060286931694e-05
3.063595431740395725e-05
3.410274803172796965e-05
3.348153040860779583e-05
3.267366264481097460e-05
3.188410482835024595e-05
3.095652573392726481e-05
4.119882578379474580e-05
4.187990271020680666e-05
9.834341472014784813e-05
3.499196463963016868e-05
2.866529212042223662e-05
2.734247391344979405e-05
2.664321254997048527e-05
2.606718589959200472e-05
2.485254299244843423e-05
3.100165486102923751e-05
2.371014852542430162e-05
2.317047801625449210e-05
2.244637471449095756e-05
2.136447437806054950e-05
2.200721610279288143e-05
2.040723848040215671e-05
2.235168904007878155e-05
2.141130426025483757e-05
2.176431007683277130e-05
2.176070120185613632e-05
2.184639379265718162e-05
3.059759183088317513e-05
2.811148260661866516e-05
2.219108682766091079e-05
2.234529347333591431e-05
1.701964902167674154e-05
2.214733831351622939e-05
2.208946898463182151e-05
2.213633342762477696e-05
2.197325011366046965e-05
2.185726043535396457e-05
2.178770228056237102e-05
2.150158070435281843e-05
1.715667349344585091e-05
2.373463030380662531e-05
2.074184521916322410e-05
3.310450483695603907e-05
1.910128412418998778e-05
2.029833740380126983e-05
1.603109922143630683e-05
1.960016925295349211e-05
1.149506078945705667e-05
4.602624903782270849e-05
1.840539880504366010e-05
1.810622234188485891e-05
1.766210152709390968e-05
1.715625876386184245e-05
1.170120685856090859e-05
1.693033846095204353e-05
1.553424772282596678e-05
1.406644787493860349e-05
1.422277728124754503e-05
1.514423729531699792e-05
1.479614002164453268e-05
1.433448142051929608e-05
6.855688297946471721e-06
1.348236128251301125e-05
1.306858848693082109e-05
2.609498551464639604e-05
8.600146429671440274e-06
2.180485353164840490e-05
1.140949098044075072e-05
2.951320311694871634e-05
3.884977559209801257e-05
1.148732280853437260e-05
1.152119330072309822e-05
1.163052911579143256e-05
1.160431384050752968e-05
2.623394721013028175e-05
1.189169051940552890e-05
1.142159544542664662e-05
9.524075721856206656e-06
9.029313332575839013e-06
3.215689866920001805e-05
1.114373390009859577e-05
3.441591161390533671e-06
1.107914067688398063e-05
1.092556885851081461e-05
1.078814329957822338e-05
1.050117953127482906e-05
1.040961615217383951e-05
1.018555576592916623e-05
9.953367225534748286e-06
1.403936494170920923e-05
9.275023330701515079e-06
9.570031579642090946e-06
9.412869985681027174e-06
9.246257832273840904e-06
9.118093657889403403e-06
8.887098374543711543e-06
5.756850441684946418e-05
4.190114123048260808e-05
1.439557854610029608e-05
7.580964302178472281e-05
4.204620563541539013e-05
3.485472916509024799e-05
7.454972092091338709e-06
2.277676321682520211e-05
3.428282434470020235e-05
1.146786416938994080e-05
6.762833436368964612e-06
6.719520115439081565e-06
6.775282599846832454e-06
6.697842309222323820e-06
6.720145847793901339e-06
6.725889306835597381e-06
6.798476078984094784e-06
6.837983619334409013e-06
6.793302873120410368e-06
6.715656581945950165e-06
6.688275334454374388e-06
4.335210178396664560e-05
7.854408613638952374e-05
6.366501565935323015e-06
5.653261541738174856e-05
1.336166519649850670e-07
8.153831731760874391e-05
4.105935659026727080e-05
2.483739626768510789e-05
4.417197123984806240e-05
1.779746270358373295e-07
3.823467341135255992e-05
3.409576675039716065e-05
5.444988346425816417e-06
4.739847554446896538e-06
2.717080496950075030e-05
5.272959242574870586e-06
7.941624971863348037e-06
1.380983860599371837e-07
4.189279206912033260e-05
3.292193650850094855e-05
2.721773307712282985e-05
2.449458042974583805e-05
4.474558409128803760e-06
9.107848018174991012e-05
3.249921064707450569e-05
5.429148586699739099e-05
2.795596446958370507e-05
8.035561222641263157e-06
3.819931589532643557e-05
3.923855729226488620e-06
1.238675082504414604e-07
1.269021140615222976e-05
1.139294981840066612e-04
1.473700012866174802e-05
3.002164930876460858e-06
2.834934775819419883e-06
2.676481472008163109e-06
9.028949534695129842e-06
2.380208115937421098e-06
2.245158611913211644e-06
2.121900934071163647e-06
2.000966787818470038e-06
1.890907469714875333e-06
1.540442262637498061e-08
1.681964818089909386e-06
1.588850750522396993e-06
1.498751885264937300e-06
5.119653678775648586e-08
1.331216594735451508e-06
1.255278334610920865e-06
1.181566062768979464e-06
3.990031109424307942e-05
2.337766818527597934e-05
2.218438567069824785e-05
4.935693809215990768e-08
1.892667023639660329e-05
4.694682138506323099e-05
3.068998921662569046e-05
6.103414125391282141e-05
3.537488737492822111e-05
1.614816574146971107e-05
1.131876342697069049e-04
3.059686726203381113e-09
9.037987183546647429e-06
3.308467785245738924e-05
4.380284372018650174e-05
1.704084861557930708e-04
2.227128970844205469e-05
1.587480073794722557e-05
3.392308281036093831e-05
1.301708562095882371e-05
3.907504651579074562e-05
1.469529343012254685e-05
4.142661418882198632e-05
4.125131090404465795e-05
4.129053559154272079e-05
7.970139449753332883e-06
4.042611180921085179e-05
1.133569730882300064e-05
1.883293953142128885e-05
2.314256380486767739e-05
3.749722236534580588e-05
2.502659981473698281e-06
1.794417767086997628e-05
6.184125595609657466e-06
3.556559749995358288e-05
3.454523903201334178e-05
3.346087760291993618e-05
2.758251866907812655e-05
2.094742194458376616e-05
8.300896297441795468e-05
3.039645707758609205e-05
3.006626866408623755e-05
1.001303644443396479e-05
4.726068709715036675e-06
3.602008291636593640e-06
2.743999175436329097e-05
2.676227632036898285e-05
2.634944212331902236e-05
2.637683428474701941e-05
2.620660234242677689e-05
2.590793337731156498e-05
2.605882764328271151e-05
7.616812945343554020e-05
2.801267692120745778e-05
2.203409621870378032e-06
2.614839286252390593e-05
2.591348857094999403e-05
8.451132089248858392e-06
3.433656956985942088e-06
6.806356395827606320e-06
4.399264526000479236e-06
4.311200245865620673e-05
3.998989632236771286e-05
3.911354360752739012e-05
1.412983601767336950e-05
2.413361107755918056e-05
2.209507692896295339e-05
7.679944246774539351e-05
2.562174449849408120e-05
2.092257091135252267e-05
7.541936065535992384e-05
7.600853564326826017e-07
2.075307929771952331e-05
2.068061439786106348e-05
2.034606768575031310e-05
1.993609839701093733e-05
1.964404327736701816e-05
2.657758341229055077e-05
3.019651558133773506e-05
1.091553349397145212e-05
3.179530722263734788e-06
3.784946238738484681e-05
1.640514165046624839e-05
5.052231426816433668e-05
1.633607462281361222e-05
2.161070824513444677e-06
7.215029472718015313e-05
4.264654126018285751e-05
4.825883297598920763e-05
3.178316546836867929e-05
5.467794107971712947e-05
3.326155274407938123e-05
5.107769175083376467e-05
5.453667108668014407e-05
3.377412576810456812e-05
3.220709186280146241e-05
7.429907327605178580e-06
6.077294165152125061e-05
1.843895188358146697e-05
6.054528421373106539e-05
5.949055776000022888e-05
5.894600690226070583e-06
1.943958886840846390e-05
5.618768773274496198e-05
4.930420982418581843e-05
1.684461676632054150e-05
3.900743104168213904e-05
6.834743544459342957e-05
4.750798689201474190e-05
8.465528662782162428e-05
6.061412204871885478e-05
1.014298959489678964e-06
6.177599971124436706e-06
5.180514563107863069e-05
3.999006730737164617e-05
4.580204767989926040e-05
3.300452954135835171e-05
2.194378612330183387e-05
3.524879866745322943e-05
2.657064214872661978e-05
6.863562884973362088e-05
2.013178527704440057e-05
1.223904982907697558e-04
7.562409155070781708e-05
1.618996029719710350e-04
4.940538929076865315e-05
5.202632746659219265e-05
5.084108488517813385e-05
4.939714563079178333e-05
8.213544060708954930e-05
4.640403130906634033e-05
6.507008947664871812e-05
1.833726855693385005e-04
4.438651012605987489e-05
7.247238681884482503e-05
4.610095129464752972e-05
4.614980935002677143e-05
4.883279325440526009e-05
4.629040267900563776e-05
7.913743320386856794e-05
1.121998066082596779e-04
4.651011840905994177e-05
8.808095299173146486e-05
6.288124131970107555e-05
5.417992724687792361e-05
4.614706631400622427e-05
4.688036642619408667e-05
4.779910523211583495e-05
4.755409827339462936e-05
4.703946251538582146e-05
1.632806233828887343e-04
5.341542055248282850e-05
4.132337198825553060e-05
4.349399023340083659e-05
6.696597847621887922e-05
5.313088331604376435e-05
4.929647911922074854e-05
4.670235284720547497e-05
3.473157630651257932e-05
3.699461740325205028e-05
3.667368946480564773e-05
3.894943802151829004e-05
3.479343649814836681e-05
3.438313797232694924e-05
3.586705497582443058e-05
3.403606751817278564e-05
2.711641900532413274e-05
3.730753087438642979e-05
6.357343954732641578e-05
9.966654033632948995e-05
2.904659595515113324e-05
4.329005605541169643e-05
2.805995427479501814e-05
7.435334555339068174e-05
3.856112743960693479e-05
7.467983959941193461e-05
3.260913945268839598e-05
3.988999742432497442e-05
3.407476833672262728e-05
4.820626782020553946e-05
3.735960490303114057e-05
3.383391594979912043e-05
3.348811515024863183e-05
3.329458922962658107e-05
4.572110992739908397e-05
4.711903238785453141e-05
2.604344444989692420e-05
2.850452983693685383e-05
5.226670691627077758e-05
5.158024214324541390e-05
2.677737029443960637e-05
2.999637399625498801e-05
6.473391113104298711e-05
1.187042507808655500e-04
3.123381247860379517e-05
3.440638829488307238e-05
3.548282984411343932e-05
5.155843246029689908e-05
3.673759420053102076e-05
3.086486321990378201e-05
3.286714490968734026e-05
3.492179894237779081e-05
3.029945764865260571e-05
3.369178739376366138e-05
3.580513293854892254e-05
3.335758083267137408e-05
3.092870247201062739e-05
2.893829150707460940e-05
2.776841392915230244e-05
2.888803464884404093e-05
2.795349064399488270e-05
2.398408651060890406e-05
2.852845500456169248e-05
2.422488614683970809e-05
2.029433198913466185e-05
5.698376116924919188e-05
2.848992699000518769e-05
2.484220021869987249e-05
2.490809310984332114e-05
2.512484206818044186e-05
2.513735307729803026e-05
2.523807961551938206e-05
2.548366865084972233e-05
3.661821392597630620e-05
2.418876283627469093e-05
2.527845936128869653e-05
3.125749935861676931e-05
3.249782821512781084e-05
2.496803790563717484e-05
2.481235969753470272e-05
2.463070268277078867e-05
2.432101246085949242e-05
2.405283339612651616e-05
2.373720781179144979e-05
2.347508780076168478e-05
2.304484769410919398e-05
2.289872281835414469e-05
1.708240779407788068e-05
1.197354140458628535e-05
7.353675027843564749e-05
2.161603879358153790e-05
2.119739838235545903e-05
4.880922642769291997e-05
6.850739737274125218e-06
1.998941297642886639e-05
1.964366310858167708e-05
1.946759402926545590e-05
1.910059836518485099e-05
1.861238160927314311e-05
1.798412813514005393e-05
2.063441570498980582e-05
2.273237078043166548e-05
2.559994936746079475e-05
4.054700912092812359e-05
4.146434366703033447e-05
1.512256767455255613e-05
5.890215834369882941e-05
2.056754419754724950e-05
1.975449231395032257e-05
3.130747063551098108e-05
3.413267768337391317e-05
1.326121491729281843e-05
1.317982150794705376e-05
1.321868785453261808e-05
1.332679585175355896e-05
1.329675706074340269e-05
1.304353554587578401e-05
9.102524927584454417e-06
1.812382652133237571e-05
1.321159015787998214e-05
2.090070120175369084e-05
3.276756251580081880e-05
3.582789213396608829e-05
2.209330523328389972e-05
1.274461646971758455e-05
8.211093700083438307e-06
9.974789463740307838e-06
1.212698953168001026e-05
4.810952304978854954e-05
2.664071325853001326e-05
7.270175046869553626e-06
1.134978811023756862e-05
1.111993879021611065e-05
1.105168394133215770e-05
9.923540346790105104e-06
4.174365130893420428e-06
6.619623036385746673e-06
1.021602429318591021e-06
3.085505522903986275e-05
1.059407350112451240e-05
7.206600116660411004e-07
4.081963197677396238e-05
5.867907748324796557e-05
8.867456926964223385e-06
8.631582204543519765e-06
5.578428499575238675e-06
7.269091838679742068e-06
8.054644240473862737e-06
4.786463614436797798e-05
7.742725756543222815e-06
7.826285582268610597e-06
7.736833140370436013e-06
1.286720930693263654e-06
2.917093479481991380e-05
1.921205512189771980e-05
4.860089120484190062e-06
2.665627835085615516e-05
7.757411367492750287e-06
7.389817710645729676e-06
9.549205969960894436e-06
8.849643791108974256e-07
8.752016583457589149e-05
7.198556886578444391e-06
2.305070483998861164e-05
7.104790711309760809e-06
2.262901398353278637e-05
3.019853102159686387e-05
2.331428549950942397e-05
6.522656548213490169e-08
2.451941440995142329e-07
6.390080216078786179e-06
6.254938853089697659e-06
6.214068434928776696e-06
1.104949092223250773e-07
6.072828909964300692e-06
5.959097961749648675e-06
5.847495231137145311e-06
5.667554432875476778e-06
5.534006959351245314e-06
3.505932909320108593e-05
2.429533014947082847e-05
1.740911829983815551e-05
4.993413767806487158e-06
1.222382525156717747e-05
4.042504951939918101e-05
2.972693437186535448e-05
3.856389230350032449e-05
2.068467074423097074e-05
2.612930438772309572e-05
3.814142701230593957e-06
3.601696107580210082e-06
1.374554337019162631e-08
3.197945716237882152e-06
5.161382068763487041e-05
4.343666296335868537e-05
2.748313754352693650e-08
1.610292019904591143e-05
2.386664164077956229e-06
2.252121703349985182e-06
2.126677600244875066e-06
2.281441265949979424e-05
4.188232196611352265e-05
1.109415552491554990e-05
3.351526174810715020e-05
4.429042382980696857e-05
9.071017302630934864e-06
2.378016506554558873e-05
1.931690349010750651e-05
1.253515392818371765e-06
1.180748881779436488e-06
1.112205723075021524e-06
2.883680463128257543e-05
3.665213444037362933e-05
1.149607032857602462e-05
3.110094621661119163e-05
3.162346828844420088e-08
2.087998467459328822e-07
7.206850938246134319e-08
2.882673877380170779e-09
2.240838092859576136e-08
6.126880975898529869e-07
5.773264888375706505e-07
2.268723437737207860e-05
5.116961006024212111e-07
4.825066639568831306e-07
3.547857340890914202e-05
3.455589103396050632e-05
5.778017175828153995e-09
2.106647843902464956e-05
3.570356454929424217e-07
2.598156061139889061e-05
5.569124255089263897e-07
2.752912587311584502e-05
9.595793493133442098e-09
2.631594782087631756e-07
2.477945315604301868e-07
1.237767577322301804e-08
2.313053748537186038e-09
5.918822409967106069e-08
2.709869659156538546e-05
2.799273261189227924e-06
4.028212424600496888e-05
2.064808541035745293e-05
1.365631032967939973e-05
3.177581675117835402e-05
1.789332682022859444e-09
1.008337312669027597e-05
3.041858690266963094e-05
3.235617987229488790e-05
2.980770841531921178e-05
3.214832759113050997e-05
3.392967018456261030e-09
3.586573802749626338e-05
2.567323281255085021e-05
7.368101364590984304e-07
7.514444178013945930e-07
4.599651947501115501e-05
1.477248702030919958e-06
2.357299422328651417e-07
3.509863381623290479e-05
1.781825631042011082e-05
7.462177542549852660e-09
4.911317228106781840e-05
9.349973311145731714e-07
1.109951540456677321e-06
6.135318017186364159e-06
5.180535822546517011e-08
9.784443682292476296e-05
7.546318556705955416e-06
3.573783047272627300e-08
9.369894542032852769e-06
9.340635187982115895e-06
6.078457954572513700e-05
5.763371882494539022e-05
1.346020962955662981e-05
9.875133400782942772e-06
3.545019717421382666e-05
1.798756966309156269e-05
5.615372629108605906e-06
1.418912916051340289e-06
1.836935553001239896e-05
4.011953933513723314e-05
3.547270353010389954e-06
3.432642188272438943e-05
1.680637979006860405e-05
7.120303052943199873e-06
8.537789653928484768e-06
4.804129275726154447e-05
3.940590613638050854e-05
1.328367488895310089e-05
1.725663787510711700e-05
1.675999192229937762e-05
2.140817741747014225e-05
2.348013731534592807e-05
8.682380212121643126e-06
1.364615600323304534e-04
2.896521073125768453e-05
3.944749187212437391e-05
3.049084989470429718e-05
3.809700501733459532e-05
5.283535574562847614e-05
2.801138543873094022e-05
3.486825153231620789e-05
4.684194209403358400e-05
3.249823566875420511e-05
3.329745231894776225e-05
2.628740548971109092e-05
1.782940526027232409e-04
5.610639345832169056e-05
1.709873758954927325e-04
9.604725346434861422e-05
1.443351357011124492e-04
4.796570647158659995e-05
4.856881059822626412e-05
5.164688263903371990e-05
1.034765737131237984e-04
5.119133857078850269e-05
4.262961010681465268e-05
4.562881804304197431e-05
1.059563146554864943e-04
7.592018664581701159e-05
4.368649024399928749e-05
4.820834874408319592e-05
6.180127093102782965e-05
8.202472236007452011e-05
1.245249441126361489e-04
8.355957106687128544e-05
4.787023499375209212e-05
1.100061999750323594e-04
5.591633816948160529e-05
1.022561191348358989e-04
8.407286804867908359e-05
5.137076368555426598e-05
5.502025305759161711e-05
4.799149246537126601e-05
4.565589551930315793e-05
5.945970042375847697e-05
5.862034959136508405e-05
7.053102308418601751e-05
3.848012784146703780e-05
1.180097315227612853e-04
6.145737279439345002e-05
4.154034832026809454e-05
4.183472265140153468e-05
9.094020788324996829e-05
4.585734131978824735e-05
4.197160524199716747e-05
8.440576493740081787e-05
8.187103958334773779e-05
8.683607302373275161e-05
6.791136547690257430e-05
5.072877320344559848e-05
1.590352476341649890e-04
6.095327626098878682e-05
4.983625331078656018e-05
4.493483356782235205e-05
1.520591322332620621e-04
4.784060729434713721e-05
4.792070467374287546e-05
6.249517900869250298e-05
8.310010161949321628e-05
4.584739144775085151e-05
5.845211853738874197e-05
1.052339212037622929e-04
4.425393854035064578e-05
5.012817928218282759e-05
4.349684240878559649e-05
8.443410479230806231e-05
6.603415386052802205e-05
6.201313226483762264e-05
8.856144995661452413e-05
8.819958748063072562e-05
6.552947161253541708e-05
4.453294241102412343e-05
4.462434662855230272e-05
4.453630754142068326e-05
6.196686445036903024e-05
4.298965359339490533e-05
4.193674249108880758e-05
4.516536500887013972e-05
4.012254430563189089e-05
5.763202352682128549e-05
5.720898479921743274e-05
3.731075048563070595e-05
3.736347207450307906e-05
6.308316369540989399e-05
4.219375114189460874e-05
3.312178887426853180e-05
3.207335976185277104e-05
4.006439485237933695e-05
3.007192935911007226e-05
2.948495603050105274e-05
3.032214590348303318e-05
5.923958451603539288e-05
6.711437890771776438e-05
2.864114867406897247e-05
3.520518293953500688e-05
2.549205055402126163e-05
3.373177605681121349e-05
2.451271575409919024e-05
2.470344225002918392e-05
2.427478102617897093e-05
2.278479223605245352e-05
2.224534000561106950e-05
2.194000808231066912e-05
2.122322439390700310e-05
2.046532245003618300e-05
1.974778751900885254e-05
2.634339216456282884e-05
2.773784581222571433e-05
1.794816307665314525e-05
3.945814387407153845e-05
3.070095408475026488e-05
1.448063085263129324e-05
3.391295103938318789e-05
1.882905780803412199e-05
1.891160536615643650e-05
1.892704858619254082e-05
1.691110082902014256e-05
1.927544326463248581e-05
1.646477358008269221e-05
1.921765579027123749e-05
2.132946428901050240e-05
1.576750946696847677e-05
1.905002682178746909e-05
2.299082007084507495e-05
2.069170841423328966e-05
2.904041684814728796e-05
2.135371687472797930e-05
1.828745917009655386e-05
1.804772546165622771e-05
3.745162757695652544e-05
1.756793244567234069e-05
1.650706690270453691e-05
1.728237475617788732e-05
1.713662095426116139e-05
1.651460297580342740e-05
1.619475915504153818e-05
2.713514368224423379e-05
1.212019742524717003e-05
2.728243998717516661e-05
1.500772759754909202e-05
1.924191019497811794e-05
4.451158019946888089e-05
2.882537955883890390e-05
1.830663859436754137e-05
1.857218921941239387e-05
1.894879096653312445e-05
2.047736961685586721e-05
3.062844552914611995e-05
1.045267526933457702e-05
1.193851767311571166e-05
1.160885767603758723e-05
1.128233179770177230e-05
1.089575835067080334e-05
8.215128218580503017e-06
1.017261547531234100e-05
9.842544386629015207e-06
8.919308129406999797e-06
1.008254275802755728e-05
1.373297254758654162e-05
5.534528099815361202e-06
1.013239398162113503e-05
1.016226906358497217e-05
9.436487744096666574e-06
4.893506047665141523e-05
1.010683899949071929e-05
9.452156518818810582e-06
1.193277148558991030e-05
5.599384166998788714e-06
7.778595318086445332e-06
9.012051123136188835e-06
2.286645030835643411e-05
2.395012234046589583e-05
1.613554559298790991e-05
2.414064510958269238e-06
9.033445167005993426e-06
8.873550541466102004e-06
1.483382129663368687e-05
8.595662620791699737e-06
8.454502676613628864e-06
8.380786312045529485e-06
8.253878149844240397e-06
2.397782736807130277e-06
7.511662715842248872e-06
3.750376708921976388e-05
2.889209281420335174e-05
7.231762083392823115e-06
4.368203917692881078e-06
6.335924808809068054e-06
5.596134997176704928e-06
6.663505246251588687e-06
6.452609795815078542e-06
6.297324489423772320e-06
2.793132625811267644e-05
6.334808404062641785e-06
2.083476647385396063e-05
3.855381146422587335e-05
3.240566366002894938e-05
5.943008545727934688e-06
8.039062890929926652e-07
4.628126407624222338e-05
2.908597161876969039e-05
6.052389380784006789e-06
9.073023079508857336e-07
5.988325483485823497e-06
3.371469938429072499e-05
3.646769619081169367e-05
1.439169921013672138e-07
2.149375359294936061e-05
3.163006840622983873e-05
5.452848654385888949e-06
7.783711453157593496e-07
2.544025664974469692e-05
1.885385586319898721e-06
2.931737435574177653e-05
3.435667895246297121e-05
1.589090243214741349e-05
2.017319729930022731e-06
4.142889338254462928e-06
4.785103556059766561e-06
3.877637936966493726e-05
3.225132968509569764e-05
4.077767152921296656e-05
1.860488009697292000e-05
5.893044090043986216e-06
3.998615056843846105e-07
4.148294294736842858e-07
3.963838480558479205e-06
6.484085588454036042e-07
3.436811675783246756e-05
3.773134494622354396e-06
2.493782858437043615e-06
3.520910922816256061e-06
2.259667780890595168e-05
8.807781341602094471e-06
2.921533678090781905e-06
2.797595925585483201e-06
1.863632678578142077e-05
2.055958429991733283e-05
9.078664930939339683e-08
2.433258998735254863e-07
4.953946699970401824e-05
1.963187514775199816e-06
3.565227598301135004e-05
8.234220331360120326e-06
6.773228960810229182e-06
9.824910193856339902e-06
1.418677697984094266e-06
2.131792280124500394e-05
2.207082980021368712e-05
2.106459942297078669e-05
1.488992893428076059e-05
2.597724414954427630e-05
9.697770586569731677e-09
9.747128615344990976e-07
9.178036748380691279e-07
2.280943220966946683e-07
3.012176784977782518e-05
7.651549367437837645e-07
7.209933983176597394e-07
6.786553399251715746e-07
6.403977295121876523e-07
5.911886091780615970e-06
5.692165814252803102e-07
5.367459152694209479e-07
5.055870815340313129e-07
4.762370622302114498e-07
4.487506259920337470e-07
2.705343831621576101e-05
3.977366134222393157e-07
2.188685903092846274e-05
3.532758512392319972e-07
2.809821486593477857e-09
3.357435707584954798e-05
2.951487942937092157e-07
3.349393591633997858e-05
2.610379112866212381e-07
2.332523945369757712e-05
2.777660847641527653e-05
5.092240826343186200e-06
9.065121957974042743e-06
1.926767083659797208e-07
1.814915719933196669e-07
1.707124113181635039e-07
3.396780084585770965e-05
3.328166712890379131e-05
2.345626489841379225e-05
6.522113835671916604e-05
2.439469426462892443e-05
3.219692871425650083e-06
9.677603429736336693e-07
9.083410077437292784e-07
1.324748973274836317e-05
3.613040098571218550e-05
4.201874617137946188e-05
4.785366763826459646e-05
6.662822897851583548e-07
6.288591976044699550e-07
1.876943861134350300e-05
1.591445834492333233e-05
1.317106216447427869e-05
1.057873123500030488e-05
2.145377584383822978e-05
1.822938611439894885e-05
1.585832978889811784e-05
3.945308719721651869e-07
3.199991660540746352e-10
2.228719495178665966e-06
4.581638859235681593e-05
3.054705666727386415e-05
9.817998943617567420e-06
5.903835699427872896e-05
1.194597207359038293e-04
1.701500162987201747e-09
3.412053217743959976e-08
2.942407081718556583e-05
5.914993650435462769e-08
2.756905996648129076e-05
1.441168073768039903e-09
8.692009032529313117e-06
3.336677764309570193e-05
2.843736547220032662e-05
2.531340032874140888e-05
1.247791980851786775e-09
3.539935642038471997e-05
3.217925404896959662e-05
3.190868301317095757e-05
1.147083021351136267e-04
5.673903615388553590e-06
3.336016379762440920e-05
6.511681567644700408e-05
2.927237437688745558e-05
3.836724135908298194e-05
5.710429104510694742e-05
1.244444138137623668e-05
4.767885911860503256e-05
2.346242399653419852e-05
1.191921619465574622e-04
6.316050712484866381e-05
5.531476563191972673e-05
1.563410332892090082e-04
9.110404789680615067e-05
5.927209349465556443e-05
5.335551031748764217e-05
4.846519732382148504e-05
4.674999217968434095e-05
4.286025796318426728e-05
5.975978638161905110e-05
6.665771797997877002e-05
1.010131818475201726e-04
8.043037087190896273e-05
1.085935218725353479e-04
4.790831371792592108e-05
4.502219235291704535e-05
6.936744466656818986e-05
6.878510612295940518e-05
5.207442518440075219e-05
4.582529436447657645e-05
2.687458181753754616e-04
6.794320506742224097e-05
1.411214470863342285e-04
7.107591954991221428e-05
1.650531921768561006e-04
1.173446871689520776e-04
9.358482202515006065e-05
1.987849973374977708e-04
8.031555626075714827e-05
1.532610185677185655e-04
8.032561891013756394e-05
1.321450836258009076e-04
9.235724428435787559e-05
8.764522499404847622e-05
8.454709313809871674e-05
6.824285082984715700e-05
1.013690925901755691e-04
9.855681855697184801e-05
9.709963342174887657e-05
1.044603486661799252e-04
1.181858533527702093e-04
8.332590368809178472e-05
9.497287828708067536e-05
8.131322101689875126e-05
7.767339411657303572e-05
9.687156853033229709e-05
6.836903776274994016e-05
5.704863360733725131e-05
1.544936385471373796e-04
8.255541615653783083e-05
3.584572114050388336e-04
8.265200449386611581e-05
9.631503780838102102e-05
1.087804266717284918e-04
1.621357223484665155e-04
8.030655590118840337e-05
1.085868570953607559e-04
9.196058817906305194e-05
1.653760409681126475e-04
7.460677443305030465e-05
7.403053314192220569e-05
7.678428664803504944e-05
7.616291259182617068e-05
9.221906657330691814e-05
6.696083437418565154e-05
9.783128916751593351e-05
1.030430721584707499e-04
8.186707418644800782e-05
1.024020166369155049e-04
1.170494142570532858e-04
1.100105582736432552e-04
5.562772275879979134e-05
1.117422216339036822e-04
5.993740342091768980e-05
5.518882244359701872e-05
1.164498389698565006e-04
8.036512735998257995e-05
9.841057908488437533e-05
2.010123134823516011e-04
6.652242154814302921e-05
6.562983617186546326e-05
6.743551784893497825e-05
9.645932004787027836e-05
5.858989243279211223e-05
5.538762707146815956e-05
5.226617577136494219e-05
2.018429222516715527e-04
1.515619660494849086e-04
8.563271694583818316e-05
9.700201917439699173e-05
1.167134760180488229e-04
6.525114440592005849e-05
7.165510032791644335e-05
8.130947389872744679e-05
8.535820234101265669e-05
1.378401357214897871e-04
6.333811325021088123e-05
1.482991065131500363e-04
6.295828643487766385e-05
6.231180304894223809e-05
5.957293251412920654e-05
5.602071541943587363e-05
5.219890590524300933e-05
4.948939385940320790e-05
7.701408321736380458e-05
5.826491906191222370e-05
1.096294436138123274e-04
5.522272113012149930e-05
4.017136961920186877e-05
4.085433465661481023e-05
8.608955249655991793e-05
4.035296660731546581e-05
4.008096948382444680e-05
3.941210161428898573e-05
3.865684630000032485e-05
3.785113949561491609e-05
5.038855306338518858e-05
4.241845817887224257e-05
3.566682426026090980e-05
3.475583434919826686e-05
4.019607149530202150e-05
3.894417750416323543e-05
4.099699799553491175e-05
3.034914880117867142e-05
3.134158032480627298e-05
2.854566810128744692e-05
2.766682882793247700e-05
2.585693437140434980e-05
2.618151120259426534e-05
2.518282963137608021e-05
2.784028038149699569e-05
2.259378015878610313e-05
2.336623765586409718e-05
2.377037162659689784e-05
3.426743205636739731e-05
2.408273212495259941e-05
2.409152693871874362e-05
2.089322879328392446e-05
2.444732490403112024e-05
2.435973328829277307e-05
2.676203257578890771e-05
2.476377267157658935e-05
2.458162634866312146e-05
2.452957596688065678e-05
1.973910366359632462e-05
2.269763717777095735e-05
3.344626020407304168e-05
2.778782254608813673e-05
2.154083631467074156e-05
2.386281084909569472e-05
1.126210918300785124e-05
2.586610571597702801e-05
3.318180097267031670e-05
1.822548438212834299e-05
2.234823114122264087e-05
2.189232691307552159e-05
2.593732460809405893e-05
2.177582064177840948e-05
2.093006696668453515e-05
2.087427856167778373e-05
9.654125278757419437e-06
3.517471850500442088e-05
9.500259693595580757e-06
2.849052361852955073e-05
3.491462121019139886e-05
2.331584073544945568e-05
1.846491250034887344e-05
1.793609771993942559e-05
1.733984572638291866e-05
1.685211464064195752e-05
1.649085425015073270e-05
1.499584959674393758e-05
1.470539154979633167e-05
4.364800770417787135e-05
2.101331847370602190e-05
1.414829239365644753e-05
1.363469891657587141e-05
1.318838167208014056e-05
1.276291641261195764e-05
1.281720324186608195e-05
2.938088982773479074e-05
1.289289957639994100e-05
1.291411354031879455e-05
1.301972770306747407e-05
1.300728308706311509e-05
1.287711529585067183e-05
1.303316548728616908e-05
1.286923088628100231e-05
1.282353878195863217e-05
1.226115728059085086e-05
1.258451629837509245e-05
1.803798113542143255e-05
1.234995033883024007e-05
7.328445462917443365e-06
1.002699627861147746e-05
9.066723578143864870e-06
1.181678089778870344e-05
1.165298363048350438e-05
1.143184908869443461e-05
2.090927955578081310e-05
6.871729056001640856e-06
1.076527587429154664e-05
1.074101055564824492e-05
1.040130314322595950e-06
1.032378986565163359e-05
1.028713541018078104e-05
9.987492376239970326e-06
2.735029192990623415e-05
9.256351404474116862e-06
9.033592505147680640e-06
8.919964784581679851e-06
8.750694178161211312e-06
8.573480045015458018e-06
7.809990165696945041e-06
2.207575016655027866e-05
3.195921090082265437e-05
7.787614777043927461e-06
2.364711872360203415e-05
2.449903695378452539e-05
3.476458732620812953e-05
7.560495760117191821e-06
7.566958629467990249e-06
7.610930879309307784e-06
7.693069164815824479e-06
7.699644811509642750e-06
7.668251782888546586e-06
6.396184062396059744e-07
7.531071787525434047e-06
1.097868789656786248e-06
2.238461860315510421e-07
4.238117253407835960e-05
7.086806817824253812e-06
6.988522272877162322e-06
5.450208391266642138e-06
6.729211236233823001e-06
4.044730667374096811e-05
6.495545676443725824e-06
2.758017581072635949e-05
2.464753947606368456e-07
3.442046363488771021e-07
3.316924630780704319e-05
3.060991730308160186e-05
6.003022463119123131e-06
1.759814693969019572e-07
5.823270385008072481e-06
1.193902903651178349e-06
5.483923814608715475e-06
5.354702807380817831e-06
3.048458347620908171e-05
1.077006572813843377e-06
1.334794978902209550e-05
2.017608551341254497e-07
1.260931003344012424e-05
1.990699456655420363e-05
3.602653305279091001e-05
3.771152705667191185e-07
4.114161129109561443e-06
2.309902993147261441e-05
3.658167406683787704e-05
3.456869080764590763e-06
2.488561221980489790e-05
3.068260411964729428e-06
2.893233158829389140e-06
2.724306796153541654e-06
2.820113209622832073e-08
2.426675564493052661e-06
2.460784708091523498e-05
4.174724836047971621e-06
2.042615051323082298e-06
1.011778658721596003e-05
1.816221811168361455e-06
1.713226311039761640e-06
1.615496103113400750e-06
9.526926078251563013e-06
9.463678338761383202e-07
1.844139478635042906e-05
9.849191883404273540e-06
1.202661110255576205e-06
3.277228461229242384e-05
3.249347719247452915e-05
3.527315129758790135e-05
9.451084110878582578e-07
4.019579137093387544e-05
1.386142542969537317e-07
7.907015060482081026e-07
2.828730248438660055e-05
3.959275636589154601e-05
3.907813152181915939e-05
2.245393443445209414e-05
2.478446185705251992e-05
5.591847411778871901e-07
4.868900941801257432e-05
4.861250636167824268e-05
2.222067632828839123e-05
1.076773514796514064e-05
9.729959856485947967e-06
2.319123450433835387e-05
4.293753192996518919e-07
1.732633390929549932e-04
1.617666384845506400e-05
3.412919613765552640e-05
7.031290806480683386e-06
2.407288047834299505e-05
5.855251856701215729e-06
2.471996958774980158e-05
1.857151255535427481e-05
2.328251866856589913e-05
2.251768637506756932e-05
2.544857852626591921e-05
5.552767106564715505e-05
2.103839142364449799e-05
4.199161412543617189e-05
6.653905438724905252e-05
3.057410140172578394e-05
4.641659688786603510e-05
3.241472586523741484e-05
3.120989276794716716e-05
3.150665725115686655e-05
2.944614243460819125e-05
2.300137020938564092e-05
3.846856270683929324e-05
8.411733870161697268e-05
2.149867759726475924e-05
8.445073035545647144e-05
3.896896669175475836e-05
4.654748408938758075e-05
4.411443296703509986e-05
3.581905912142246962e-05
4.692101356340572238e-05
6.580950866919010878e-05
3.737562292371876538e-05
2.953075454570353031e-05
3.447229391895234585e-05
3.771803312702104449e-05
3.264305996708571911e-05
3.274340633652172983e-05
6.618777115363627672e-05
8.470446482533589005e-05
5.034367859479971230e-05
3.314246714580804110e-05
5.029266685596667230e-05
8.087458991212770343e-05
3.378899782546795905e-05
3.350080442032776773e-05
3.818712139036506414e-05
3.441132139414548874e-05
3.654831743915565312e-05
3.299606032669544220e-05
3.216409095330163836e-05
4.259759953129105270e-05
5.588144995272159576e-05
3.460925654508173466e-05
3.651832957984879613e-05
2.583749665063805878e-05
4.311948941904120147e-05
2.722814133448991925e-05
2.425345519441179931e-05
2.613636570458766073e-05
2.719660369621124119e-05
2.414294431218877435e-05
2.472287269483786076e-05
6.217858026502653956e-05
4.065272150910459459e-05
1.982209323614370078e-05
2.287708230142015964e-05
5.155564576853066683e-05
2.433591907902155071e-05
4.919220009469427168e-05
2.322367436136119068e-05
2.301599670317955315e-05
3.518482117215171456e-05
2.164829857065342367e-05
2.821593989210668951e-05
3.803467552643269300e-05
3.960287722293287516e-05
2.789996869978494942e-05
8.918654930312186480e-05
9.429250349057838321e-05
2.705077895370777696e-05
3.152931822114624083e-05
3.082010516664013267e-05
3.169864794472232461e-05
5.283521386445499957e-05
3.060693416045978665e-05
4.440659176907502115e-05
3.043155447812750936e-05
4.086768603883683681e-05
2.872092773031909019e-05
2.851667522918432951e-05
3.794909571297466755e-05
2.732145003392361104e-05
2.563009365985635668e-05
3.459890285739675164e-05
5.461870387080125511e-05
3.663497773231938481e-05
2.669372224772814661e-05
2.888459857786074281e-05
2.381193371547851712e-05
4.377833465696312487e-05
1.943299139384180307e-05
3.089074743911623955e-05
2.060459519270807505e-04
2.913492608058732003e-05
3.248461143812164664e-05
3.806760651059448719e-05
2.524663977965246886e-05
3.243075843784026802e-05
3.176893369527533650e-05
3.190218194504268467e-05
2.898862294387072325e-05
4.158047522651031613e-05
5.589205466094426811e-05
2.714585934882052243e-05
6.646761175943538547e-05
3.975303479819558561e-05
5.096623863209970295e-05
4.425783481565304101e-05
1.144118796219117939e-04
5.395336847868748009e-05
3.758040111279115081e-05
3.664471296360716224e-05
3.551357804099097848e-05
3.874428512062877417e-05
3.854808164760470390e-05
3.472098615020513535e-05
3.439341526245698333e-05
3.265984196332283318e-05
3.998084503109566867e-05
2.790652797557413578e-05
5.096849054098129272e-05
8.508712926413863897e-05
4.595261270878836513e-05
4.176250149612314999e-05
3.093194391112774611e-05
2.889001189032569528e-05
4.706685285782441497e-05
3.814601950580254197e-05
3.882982491631992161e-05
4.126223211642354727e-05
3.364648000570014119e-05
3.443840614636428654e-05
7.350472151301801205e-05
3.768592068809084594e-05
3.088701487286016345e-05
4.898603219771757722e-05
4.694004746852442622e-05
2.721007513173390180e-05
3.099853347521275282e-05
5.970771235297434032e-05
1.091195881599560380e-04
3.003907659149263054e-05
3.162707071169279516e-05
3.466406269581057131e-05
3.335829751449637115e-05
3.840069621219299734e-05
3.241669037379324436e-05
3.230450602131895721e-05
3.561679841368459165e-05
1.155706340796314180e-04
4.146251376369036734e-05
3.365863085491582751e-05
3.607695180107839406e-05
5.353418600861914456e-05
4.835468280361965299e-05
1.298857969231903553e-04
6.088205554988235235e-05
5.987520125927403569e-05
5.470278119901195168e-05
4.969653309672139585e-05
6.388024485204368830e-05
4.687102409661747515e-05
8.087537571555003524e-05
4.411745248944498599e-05
4.101739250472746789e-05
4.218625690555199981e-05
3.493138865451328456e-05
3.461813685134984553e-05
5.857015639776363969e-05
3.835391180473379791e-05
4.805531716556288302e-05
4.950181755702942610e-05
3.317343362141400576e-05
3.310858664917759597e-05
3.755990110221318901e-05
3.543067214195616543e-05
8.093324868241325021e-05
3.239876241423189640e-05
3.246877895435318351e-05
3.960673348046839237e-05
4.541084126685746014e-05
3.172407377860508859e-05
2.940889862657058984e-05
3.405392271815799177e-05
2.898955426644533873e-05
2.810559817589819431e-05
3.497556826914660633e-05
3.518866651575081050e-05
2.365881664445623755e-05
2.454917739669326693e-05
4.128738510189577937e-05
4.489999264478683472e-05
2.224107629444915801e-05
2.973058144561946392e-05
3.230697257095016539e-05
3.647912308224476874e-05
1.996053106267936528e-05
1.948007047758437693e-05
1.890288513095583767e-05
1.865783087851013988e-05
2.670247522473800927e-05
4.886784881819039583e-05
1.941031223395839334e-05
1.954077197297010571e-05
1.633264037081971765e-05
1.967108983080834150e-05
1.993046498682815582e-05
1.984172195079736412e-05
2.759241942840162665e-05
2.541194407967850566e-05
2.139140269719064236e-05
2.002970177272800356e-05
1.999003688979428262e-05
1.996997525566257536e-05
1.991749559238087386e-05
1.970807170437183231e-05
1.965564115380402654e-05
1.919377973536029458e-05
1.213392351928632706e-05
1.678473017818760127e-05
3.115316212642937899e-05
2.572681114543229342e-05
1.820428224164061248e-05
1.807924672903027385e-05
1.796454489522147924e-05
1.733069802867248654e-05
1.581179822096601129e-05
1.321910167462192476e-05
1.669171979301609099e-05
1.911566141643561423e-05
3.060260132770054042e-05
1.515040094091091305e-05
1.551726563775446266e-05
1.370799782307585701e-05
3.420667053433135152e-05
7.924730198283214122e-06
2.286673952767159790e-05
1.374130351905478165e-05
1.345382497675018385e-05
1.271778637601528317e-05
1.178381080535473302e-05
1.223983599629718810e-05
9.304415470978710800e-06
1.154874553321860731e-05
1.113539110519923270e-05
1.074816918844589964e-05
1.038537084241397679e-05
1.033292210195213556e-05
9.412749022885691375e-06
2.928283174696844071e-05
9.129839781962800771e-06
3.177946928190067410e-05
1.054083622875623405e-05
1.044892724166857079e-05
1.047973728418583050e-05
1.020097624859772623e-05
4.111637281312141567e-06
3.473375181783922017e-05
6.411198228306602687e-06
7.448646101693157107e-06
5.728023552364902571e-06
3.431657751207239926e-05
6.764770660083740950e-06
9.812213647819589823e-06
9.551208677294198424e-06
9.467928975936956704e-06
3.738246732609695755e-06
3.493566327961161733e-05
8.939083272707648575e-06
7.185648883023532107e-06
8.704296305950265378e-06
8.561351023672614247e-06
3.512902912916615605e-05
8.763687219470739365e-06
4.170280135440407321e-06
3.786928937188349664e-05
1.103493787013576366e-06
7.349249244725797325e-06
4.100432761333649978e-06
3.601968273869715631e-06
6.993087481532711536e-06
6.798226422688458115e-06
5.031231921748258173e-05
1.029376198857789859e-05
6.327356459223665297e-06
3.190123243257403374e-05
1.078728564607445151e-05
8.268048077297862619e-07
3.439548095229838509e-07
3.166205351590178907e-05
6.170960659801494330e-06
1.796659489627927542e-05
6.258328994590556249e-06
2.589975156297441572e-05
6.131208920123754069e-06
6.136449883342720568e-06
2.862588189600501209e-05
3.439272768446244299e-05
6.670856578239181545e-07
5.703579063265351579e-06
5.680323283741017804e-06
5.629286079056328163e-06
5.496639914781553671e-06
5.327496182871982455e-06
5.087597855890635401e-06
2.639635340528911911e-06
1.755798984959255904e-05
5.062998752691783011e-06
1.888514998427126557e-05
4.947921752318507060e-06
4.891368007520213723e-06
1.795901880541350693e-06
4.733196419692831114e-06
4.621665539161767811e-06
1.892655018309596926e-05
2.790824692056048661e-05
3.460919469944201410e-05
2.191630846937187016e-05
4.061885192641057074e-06
3.956388809456257150e-06
3.901518994098296389e-06
3.828451553999911994e-06
3.710641522047808394e-06
2.749486338871065527e-05
2.337558726139832288e-05
2.391878695107152453e-07
2.995499471580842510e-06
2.826634954544715583e-06
2.664442035893443972e-06
2.105884391312429216e-07
3.476595884421840310e-05
2.182959724450483918e-05
2.928137746494030580e-06
1.352845811197767034e-05
3.287787694716826081e-05
2.721332566579803824e-05
2.586847585916984826e-05
3.554929571691900492e-05
3.888256833306513727e-05
3.793993164435960352e-05
2.320629209862090647e-05
7.619112147949635983e-05
1.238531967828748748e-05
2.995145587192382663e-05
4.143250043853186071e-05
3.970784018747508526e-05
3.882888995576649904e-05
7.995702617336064577e-05
8.935214282246306539e-06
2.694733120733872056e-05
4.910889765596948564e-05
1.359226280328584835e-05
2.939673686341848224e-05
4.068743874086067080e-05
4.071037255926057696e-05
1.743477878335397691e-05
4.224461372359655797e-05
3.980155815952457488e-05
3.947836012230254710e-05
3.931337050744332373e-05
5.527983012143522501e-05
6.831475184299051762e-05
3.796852251980453730e-05
3.345073128002695739e-05
4.749945946969091892e-05
3.616081448853947222e-05
3.537312659318558872e-05
3.458035644143819809e-05
3.386859680176712573e-05
1.584629717399366200e-05
4.908241680823266506e-05
3.077630753978155553e-05
8.116235221677925438e-06
4.116950367460958660e-05
1.036458634189330041e-04
5.395454354584217072e-05
7.507680948037886992e-06
7.344026926148217171e-06
2.122783189406618476e-05
3.540047327987849712e-05
3.537839802447706461e-05
2.098804907291196287e-05
3.584875594242475927e-05
3.519156598486006260e-05
3.645778269856236875e-05
2.970449895656201988e-05
6.133854185463860631e-05
2.475981273164507002e-05
3.138036481686867774e-05
3.218238998670130968e-05
2.220640817540697753e-05
1.828623680921737105e-05
2.765731369436252862e-05
2.648183908604551107e-05
2.815952393575571477e-05
8.789454295765608549e-05
1.321409308729926124e-05
1.601815165486186743e-05
1.110498578782426193e-05
1.153172797785373405e-05
3.276558709330856800e-05
1.825826257118023932e-05
2.047242742264643312e-05
2.850896453310269862e-05
1.961315865628421307e-05
1.661382702877745032e-05
2.025076719291973859e-05
4.236327004036866128e-05
4.617540616891346872e-05
1.305520163441542536e-05
1.185384026030078530e-04
4.088054993189871311e-05
2.186204619647469372e-05
2.262563248223159462e-05
1.115723571274429560e-04
2.844075970642734319e-05
3.112576450803317130e-05
3.351160921738483012e-05
3.390602068975567818e-05
3.082930925302207470e-05
3.152358112856745720e-05
2.970852983708027750e-05
2.995622890011873096e-05
3.351984560140408576e-05
2.650576243468094617e-05
2.557681182224769145e-05
2.466609657858498394e-05
2.377791497565340251e-05
2.295014382980298251e-05
2.201553616032470018e-05
2.193235559388995171e-05
2.196860805270262063e-05
2.266426054120529443e-05
2.273648897244129330e-05
7.630763866472989321e-05
2.284929541929159313e-05
2.307126305822748691e-05
2.310949457751121372e-05
2.324439628864638507e-05
2.340418905077967793e-05
2.334200326004065573e-05
2.318177212146110833e-05
1.266850358661031350e-05
2.321054489584639668e-05
2.316744576091878116e-05
1.733907629386521876e-05
3.584396836231462657e-05
4.319889558246359229e-05
4.355563578428700566e-05
3.189955168636515737e-05
1.139597043220419437e-05
3.522085535223595798e-05
2.123829835909418762e-05
3.492614996503107250e-05
4.659762635128572583e-05
1.893793705676216632e-05
2.409693843219429255e-05
3.971547630499117076e-05
3.359669790370389819e-05
5.331880674930289388e-05
1.119331864174455404e-05
2.594716534076724201e-05
2.722140015976037830e-05
1.276414604944875464e-05
7.797477337589953095e-06
1.529310065961908549e-05
5.013972895540064201e-06
7.785949492244981229e-06
2.727717765083070844e-05
3.205239045200869441e-05
4.535931293503381312e-05
2.379885154368821532e-05
1.459188024455215782e-05
4.207507299724966288e-05
2.986872095789294690e-05
2.959016637760214508e-05
1.185926430480321869e-05
3.223013118258677423e-05
1.522743259556591511e-04
2.637396573845762759e-05
8.959641854744404554e-05
3.869622014462947845e-05
3.074033884331583977e-05
3.010062937391921878e-05
2.953241528302896768e-05
4.720849028672091663e-05
3.031421329069416970e-05
3.229373032809235156e-05
8.482732664560899138e-05
1.927227858686819673e-04
3.543302591424435377e-05
3.472893149591982365e-05
1.798807061277329922e-04
4.117767457501031458e-05
7.900319178588688374e-05
6.105568900238722563e-05
1.563338446430861950e-04
9.113976557273417711e-05
5.351583604351617396e-05
7.100329094100743532e-05
7.680607814108952880e-05
9.385748853674158454e-05
5.622395110549405217e-05
5.010606400901451707e-05
8.187605271814391017e-05
5.917844828218221664e-05
4.460624404600821435e-05
7.901369826868176460e-05
5.541205973713658750e-05
4.761222226079553366e-05
7.135932537494227290e-05
4.462432480067946017e-05
5.960244379821233451e-05
5.846344356541521847e-05
5.857125870534218848e-05
1.095491097657941282e-04
7.854969589971005917e-05
4.159662785241380334e-05
7.501021900679916143e-05
4.147177241975441575e-05
5.938222602708265185e-05
4.058749254909344018e-05
4.788147998624481261e-05
4.136483039474114776e-05
3.918464426533319056e-05
7.687806646572425961e-05
3.821622885880060494e-05
3.650903818197548389e-05
3.588229810702614486e-05
3.532682603690773249e-05
3.838651900878176093e-05
3.392004146007820964e-05
4.497453846852295101e-05
3.236328120692633092e-05
4.041987267555668950e-05
5.442767724161967635e-05
2.786367804219480604e-05
5.023907579015940428e-05
3.233380630263127387e-05
4.306780101615004241e-05
5.486456939252093434e-05
4.676790194935165346e-05
3.546678999555297196e-05
3.690956145874224603e-05
4.729163993033580482e-05
3.573440699256025255e-05
3.175321398884989321e-05
4.627923044608905911e-05
3.171211210428737104e-05
4.474692468647845089e-05
3.503608604660257697e-05
3.087229924858547747e-05
2.960049459943547845e-05
3.331610423629172146e-05
2.881593718484509736e-05
3.777690290007740259e-05
3.357443347340449691e-05
4.529114812612533569e-05
2.583022796898148954e-05
3.775989534915424883e-05
4.260530477040447295e-05
2.397660500719211996e-05
2.451925865898374468e-05
2.500761911505833268e-05
2.554324237280525267e-05
2.561583823990076780e-05
2.582255547167733312e-05
2.593969657027628273e-05
2.598612991278059781e-05
2.616384699649643153e-05
1.705221075098961592e-05
2.654179115779697895e-05
1.935073851200286299e-05
2.853125079127494246e-05
2.642521940288133919e-05
2.634291922731790692e-05
1.817952761484775692e-05
2.613513242977205664e-05
2.601086998765822500e-05
2.598285391286481172e-05
2.560104985604993999e-05
4.964985782862640917e-05
2.495965418347623199e-05
3.667970668175257742e-05
1.784137020877096802e-05
2.409209992038086057e-05
1.384871666232356802e-05
2.367572415096219629e-05
2.340199534955900162e-05
2.262517227791249752e-05
2.242153641418553889e-05
9.767442861630115658e-06
2.115572715410962701e-05
3.402754009584896266e-05
2.930799928435590118e-05
2.044056054728571326e-05
2.022539229074027389e-05
2.460090036038309336e-05
9.636731192586012185e-06
2.216834582213778049e-05
2.544500239309854805e-05
1.766661080182529986e-05
3.075087442994117737e-05
1.655519554333295673e-05
1.603868440724909306e-05
1.558755684527568519e-05
1.509324556536739692e-05
1.452233755117049441e-05
1.406180126650724560e-05
1.357561450276989490e-05
4.849404376727761701e-06
6.063151158741675317e-05
1.539484946988523006e-05
1.877838985819835216e-05
1.236540447280276567e-05
3.405287861824035645e-05
1.382231675961520523e-05
2.017784026975277811e-05
6.246009434107691050e-06
2.649248199304565787e-05
2.287602228534524329e-06
2.640308412082958966e-05
9.829193004406988621e-06
2.008131014008540660e-05
1.507968772784806788e-05
3.219991776859387755e-05
2.739125920925289392e-05
4.066620749654248357e-05
1.244352642970625311e-05
1.036276717059081420e-05
1.069503196049481630e-05
1.131703356804791838e-05
3.072106483159586787e-05
4.744016678159823641e-06
2.724674595810938627e-05
6.255391781451180577e-05
1.097086169465910643e-05
1.067904122464824468e-05
3.106338908764882945e-06
9.923049219651147723e-06
9.684246833785437047e-06
4.495157190831378102e-05
3.763873905882064719e-07
1.518573412795376498e-06
8.877031177689787000e-06
8.607267773186322302e-06
8.532221727364230901e-06
8.337723556905984879e-06
8.130709829856641591e-06
8.137660188367590308e-06
7.629333595104981214e-06
3.379608824616298079e-05
3.629469574661925435e-06
8.165518011082895100e-06
2.346464498259592801e-06
8.260695722128730267e-06
4.752879249281249940e-05
2.296509774168953300e-05
3.096272678249079036e-07
2.602648419269826263e-05
1.918071575346402824e-05
1.223150320583954453e-05
4.416172885157720884e-07
4.654778422263916582e-06
6.508071805910731200e-07
7.166251180024119094e-06
7.049431587802246213e-06
2.700298136915080249e-05
6.923322416696464643e-06
6.776903319405391812e-06
6.617215149162802845e-06
6.493287401099223644e-06
3.334896973683498800e-05
4.281907604308798909e-05
2.237917033198755234e-05
1.730813164613209665e-05
6.040436801413306966e-06
3.469904913799837232e-05
2.353804484300781041e-05
3.593651126720942557e-05
1.854039481941072154e-07
6.546283657371532172e-07
5.209409209783188999e-06
5.137163498147856444e-06
1.268952655664179474e-05
1.994907563585002208e-07
2.502211771115980810e-07
5.889819021831499413e-06
4.127149168198229745e-06
3.894490873790346086e-06
3.673639184853527695e-06
3.462845370449940674e-06
3.486022251308895648e-05
2.665506508492399007e-05
2.369611684116534889e-05
1.835257717175409198e-05
2.520734824429382570e-06
2.431735083519015461e-06
2.297922492289217189e-06
2.171473170164972544e-06
3.028651235581492074e-06
1.930110784087446518e-06
1.820656621021043975e-06
1.716798351480974816e-06
1.618288024474168196e-06
3.948692756239324808e-05
2.152884371753316373e-05
2.612135041601959529e-08
1.413457084709079936e-05
2.323989974684081972e-05
1.133187424784409814e-06
2.158337520086206496e-05
1.550957858853507787e-05
7.679893769818590954e-07
8.911414965950825717e-07
8.397085480282839853e-07
7.920898497104644775e-07
9.998129435473401827e-09
7.040478067210642621e-07
1.284219342778669670e-05
9.633649824536405504e-06
6.719471002725185826e-06
3.284217018517665565e-05
2.946260610769968480e-05
2.710288936214055866e-05
3.022173586941789836e-07
3.343359082919050707e-07
4.107237714379152749e-07
3.702603498823009431e-05
3.639257215581892524e-07
3.420887821903306758e-07
9.406344361195806414e-06
4.158934530096303206e-08
1.621726551093161106e-05
1.340809649263974279e-05
2.527075082525698235e-07
3.299645686638541520e-05
3.487696812953799963e-05
1.966492891369853169e-05
2.470387153152842075e-05
1.525433113158669585e-09
3.083103365497663617e-05
1.340484050160739571e-05
1.134358626586617902e-05
1.980790875677485019e-05
1.716904080240055919e-05
4.226885721436701715e-05
1.683747905190102756e-05
6.569408128598297480e-09
6.434950773837044835e-05
5.420522484200773761e-07
5.662448074872372672e-07
2.512674836907535791e-05
1.352033814328024164e-05
1.945023359439801425e-05
4.855140650761313736e-05
2.484893593646120280e-05
1.790363057807553560e-07
5.632943066302686930e-05
2.322218460903968662e-05
2.756616231636144221e-05
5.819602301926352084e-05
2.373203187744366005e-06
3.281378212705021724e-06
3.484589615254662931e-05
3.482825195533223450e-05
3.330477557028643787e-05
1.511818936705822125e-05
3.898257273249328136e-05
1.421600700268754736e-05
3.300445314380340278e-05
7.927482511149719357e-05
1.860099837358575314e-05
3.369830665178596973e-05
2.299862353538628668e-05
2.511121965653728694e-05
2.420769851596560329e-05
2.473737367836292833e-05
2.350502836634404957e-05
2.309114825038705021e-05
5.937683818046934903e-05
2.148854764527641237e-05
2.214479172835126519e-05
2.181014315283391625e-05
2.128527739841956645e-05
2.072182178380899131e-05
1.540369266876950860e-04
2.371160735492594540e-05
1.728322058625053614e-05
2.427787876513320953e-05
4.517166598816402256e-05
4.017795072286389768e-05
4.367653309600427747e-05
3.619820927269756794e-05
2.471691550454124808e-05
2.455347930663265288e-05
2.416247480141464621e-05
3.462583117652684450e-05
3.910531813744455576e-05
1.253135851584374905e-04
6.874006066936999559e-05
2.705361475818790495e-05
9.996840526582673192e-05
5.372400482883676887e-05
3.793566429521888494e-05
1.965401606867089868e-04
7.307573832804337144e-05
4.351633106125518680e-05
4.464110679691657424e-05
4.678607365349307656e-05
4.393261770019307733e-05
6.031008888385258615e-05
4.174097557552158833e-05
3.840052886516787112e-05
3.800746344495564699e-05
5.325633173924870789e-05
5.552897710003890097e-05
6.185472011566162109e-05
4.717971023637801409e-05
6.980301259318366647e-05
1.016306778183206916e-04
7.526110130129382014e-05
4.135144627070985734e-05
9.026643238030374050e-05
3.596143869799561799e-05
4.259017441654577851e-05
4.101748709217645228e-05
3.833272785414010286e-05
3.844304592348635197e-05
6.102569022914394736e-05
3.645604738267138600e-05
3.713674959726631641e-05
8.085841545835137367e-05
6.550626858370378613e-05
7.507728150812909007e-05
2.813427272485569119e-05
8.327023533638566732e-05
2.984176535392180085e-05
3.912144893547520041e-05
2.933389623649418354e-05
4.434559741639532149e-05
6.585077062482014298e-05
6.152530841063708067e-05
7.708227349212393165e-05
3.538324745022691786e-05
5.741174027207307518e-05
4.548696597339585423e-05
3.497311990940943360e-05
3.026409831363707781e-05
3.000240576511714607e-05
4.287677074898965657e-05
6.566795491380617023e-05
2.854065132851246744e-05
2.715406299103051424e-05
2.975522147607989609e-05
2.822673377522733063e-05
1.391298719681799412e-04
3.571001434465870261e-05
9.303686965722590685e-05
2.953803959826473147e-05
1.043172815116122365e-04
4.188000457361340523e-05
5.379330104915425181e-05
3.150038537569344044e-05
4.080255166627466679e-05
3.346949961269274354e-05
5.785980101791210473e-05
3.089756137342192233e-05
7.573340553790330887e-05
3.911571184289641678e-05
6.480189040303230286e-05
6.883204332552850246e-05
5.882906043552793562e-05
8.158345735864713788e-05
7.090804137988016009e-05
5.670241807820275426e-05
4.654059375752694905e-05
3.649926657089963555e-05
5.307419996825046837e-05
3.894645124091766775e-05
5.615609188680537045e-05
3.866092083626426756e-05
4.006910603493452072e-05
1.418854953953996301e-04
3.657343768281862140e-05
6.593906437046825886e-05
4.093401730642654002e-05
5.197130303713493049e-05
1.185682631330564618e-04
3.938303780159913003e-05
6.730370660079643130e-05
3.954032581532374024e-05
3.877102790283970535e-05
4.202614945825189352e-05
1.138041625381447375e-04
8.480670658173039556e-05
6.651211879216134548e-05
3.765925430343486369e-05
3.952143015339970589e-05
3.727166040334850550e-05
3.740768079296685755e-05
3.764844223042018712e-05
3.631195068010129035e-05
3.555704461177811027e-05
3.923735857824794948e-05
4.045944297104142606e-05
3.535593350534327328e-05
3.913126784027554095e-05
3.190928691765293479e-05
3.112563717877492309e-05
3.038963222934398800e-05
4.209047256154008210e-05
6.666602712357416749e-05
2.769135790003929287e-05
2.355639662710018456e-05
2.434912130411248654e-05
2.609028524602763355e-05
2.539352135499939322e-05
3.637536792666651309e-05
2.396530762780457735e-04
3.183820444974116981e-05
3.839914279524236917e-05
3.890684456564486027e-05
3.380579801159910858e-05
3.555071452865377069e-05
8.956442616181448102e-05
3.904980985680595040e-05
3.335512155899778008e-05
3.413125887163914740e-05
3.352715066284872591e-05
3.315346111776307225e-05
3.249900692026130855e-05
3.173705044900998473e-05
3.559610559022985399e-05
2.820926965796388686e-05
2.913236130552832037e-05
2.854687772924080491e-05
2.720165866776369512e-05
2.633181793498806655e-05
2.542326910770498216e-05
2.451660475344397128e-05
6.522486364701762795e-05
2.283022149640601128e-05
2.197206595155876130e-05
3.466658745310269296e-05
2.138286254194099456e-05
2.182750722568016499e-05
1.997111939999740571e-05
2.564920032455120236e-05
2.208749538112897426e-05
2.216181019321084023e-05
2.241163383587263525e-05
2.242500522697810084e-05
2.262763518956489861e-05
2.273532118124421686e-05
2.517490247555542737e-05
3.115067738690413535e-05
2.501775270502548665e-05
2.256602238048799336e-05
2.231671896879561245e-05
2.217521068814676255e-05
2.215117274317890406e-05
1.361095200991258025e-05
1.620422517589759082e-05
2.256745028716977686e-05
2.110987406922504306e-05
2.108762419084087014e-05
2.310511627001687884e-05
2.035304896708112210e-05
2.802774361043702811e-05
1.995820457523223013e-05
1.957162749022245407e-05
1.915206303237937391e-05
1.872172106232028455e-05
1.841732409957330674e-05
1.797500772227067500e-05
1.770142625900916755e-05
1.744121254887431860e-05
1.707632691250182688e-05
2.208103614975698292e-05
1.251956473424797878e-05
1.585855716257356107e-05
1.539621916890610009e-05
1.508207606093492359e-05
2.785592369036749005e-05
1.307124330196529627e-05
2.243048402306158096e-05
2.674682764336466789e-05
6.703782673866953701e-06
8.482735211146064103e-06
1.202990642923396081e-05
3.310889223939739168e-05
2.144053723895922303e-05
5.513693395187146962e-06
1.730373151076491922e-05
2.238387605757452548e-05
3.262186146457679570e-05
1.191691080748569220e-05
1.218133456859504804e-05
2.079456680803559721e-05
3.491467214189469814e-05
2.069131369353272021e-05
1.652144237596075982e-05
1.155960489995777607e-05
1.139937376137822866e-05
6.887724339321721345e-06
1.134804278990486637e-05
1.123447964346269146e-05
3.875169568345881999e-06
1.079808953363681212e-05
3.660132642835378647e-05
2.392176975263282657e-05
1.024810626404359937e-05
1.007980881695402786e-05
7.153683327487669885e-06
3.140376793453469872e-05
7.260759957716800272e-06
9.482996574661228806e-06
1.266035451408242807e-05
9.126500117417890579e-06
8.803248420008458197e-06
2.451358886901289225e-05
2.157609060304821469e-06
2.327188303752336651e-05
7.348301551246549934e-06
7.844577339710667729e-06
1.443210567231290042e-05
3.992706115241162479e-05
7.253922376548871398e-06
1.264185698346409481e-06
1.792415969248395413e-05
2.487708843545988202e-05
2.888146445911843330e-05
6.933015811227960512e-06
6.938941623957362026e-06
4.831363912671804428e-05
1.342161249340279028e-05
3.037717578990850598e-05
9.443260751140769571e-06
3.649636346381157637e-05
2.703929385461378843e-05
7.472682682418962941e-06
6.666227818641345948e-06
2.277711064380127937e-05
4.148154403083026409e-05
3.267280044383369386e-05
1.472858821216505021e-05
2.106554711645003408e-05
5.378189598559401929e-06
4.075954348081722856e-05
5.888378836971241981e-06
1.210532474260617164e-07
4.844800471914822992e-08
5.549978141061728820e-06
1.469771905249217525e-05
2.870886601158417761e-05
5.375099590310128406e-06
5.313663677952717990e-06
1.932354643940925598e-05
2.087278744511422701e-06
4.886101123702246696e-06
9.886701946015818976e-08
4.624154371413169429e-06
4.537552740657702088e-06
4.430632088769925758e-06
5.076223897049203515e-05
6.129906068963464350e-06
3.159162952215410769e-05
3.962938080803724006e-06
3.823321821982972324e-05
1.795385651348624378e-05
5.317606701282784343e-05
3.451377779128961265e-05
5.988734756101621315e-06
6.183383902680361643e-06
2.655815251273452304e-06
2.736601345532108098e-05
5.386323755374178290e-05
1.781498031050432473e-05
2.089061354126897641e-06
1.974977067220606841e-06
1.258264674106612802e-04
3.761810148716904223e-05
2.644351866365468595e-07
4.116293348488397896e-05
2.111632420565001667e-05
2.090049383696168661e-05
1.997783556362264790e-06
4.071324894994177157e-07
4.332950538810109720e-06
5.775072622782317922e-06
3.065896123644051841e-07
8.215099569497397169e-07
1.402930502081289887e-05
1.605428769835270941e-05
1.828118547564372420e-05
4.619326716692739865e-07
1.240430992766050622e-05
1.207122204505139962e-05
2.142801122317905538e-06
8.581447445976664312e-07
4.456263923202641308e-06
5.914457506150938570e-05
1.443120345356874168e-05
3.190809729858301580e-05
4.020492633571848273e-05
1.162143576038943138e-06
1.598343033037963323e-06
8.633912784716812894e-07
6.376681540132267401e-06
1.284257223232998513e-06
1.656071617617271841e-06
3.451495285844430327e-05
1.702556037344038486e-04
1.133142905018758029e-05
1.413019926985725760e-04
2.973365008074324578e-05
3.988438402302563190e-05
2.649413727340288460e-05
2.818360007950104773e-05
2.218178415205329657e-04
5.442108886200003326e-05
5.766498361481353641e-05
3.969106182921677828e-05
8.580090798204764724e-05
4.106736378162167966e-05
4.335792982601560652e-05
3.624457531259395182e-05
3.913040563929826021e-05
3.853226007777266204e-05
3.800697231781668961e-05
9.628240513848140836e-05
3.588971594581380486e-05
5.956337554380297661e-05
6.104767817305400968e-05
3.192718213540501893e-05
6.488097278634086251e-05
3.749446841538883746e-05
8.116167737171053886e-05
4.043303488288074732e-05
3.419803397264331579e-05
1.255783427041023970e-04
3.737148654181510210e-05
6.067734648240730166e-05
3.663733150460757315e-05
3.692333848448470235e-05
7.296754483832046390e-05
4.670628914027474821e-05
5.019583477405831218e-05
8.559126581531018019e-05
3.684974217321723700e-05
3.657203706097789109e-05
4.813661143998615444e-05
4.971814269083552063e-05
3.385080344742164016e-05
5.965059608570300043e-05
6.855634273961186409e-05
4.229641854180954397e-05
6.710401066811755300e-05
1.694519305601716042e-04
3.645028118626214564e-05
5.207540743867866695e-05
5.854625851497985423e-05
7.167233707150444388e-05
5.398064968176186085e-05
1.916745241032913327e-04
4.765004632645286620e-05
4.801850445801392198e-05
6.991333066252991557e-05
5.110611891723237932e-05
4.575894126901403069e-05
6.164398655528202653e-05
4.936554978485219181e-05
5.328687257133424282e-05
6.148627289803698659e-05
7.151911995606496930e-05
7.236016972456127405e-05
4.340556552051566541e-05
3.703085531014949083e-05
6.240333459572866559e-05
3.744107380043715239e-05
3.549769826349802315e-05
3.687322896439582109e-05
3.542908234521746635e-05
3.778394966502673924e-05
2.965519342978950590e-05
9.786769078345969319e-05
3.013555397046729922e-05
3.031510459550190717e-05
4.852724669035524130e-05
4.365003769635222852e-05
3.491097595542669296e-05
5.343056545825675130e-05
4.010419070255011320e-05
8.037593943299725652e-05
6.002480222377926111e-05
3.087310687988065183e-05
3.599780393415130675e-05
3.187332913512364030e-05
3.120519249932840466e-05
3.100193862337619066e-05
2.931611743406392634e-05
3.063213080167770386e-05
3.912094689439982176e-05
3.632283915067091584e-05
2.953729926957748830e-05
2.542656511650420725e-05
2.824848161253612489e-05
3.876092159771360457e-05
3.254764669691212475e-05
2.655651587701868266e-05
4.535611878964118659e-05
2.590180338302161545e-05
2.321526335435919464e-05
2.245923315058462322e-05
2.394662078586407006e-05
4.146484207012690604e-05
2.174109977204352617e-05
2.763932570815086365e-05
1.974615042854566127e-05
1.681740104686468840e-05
2.437329385429620743e-05
2.620523082441650331e-05
2.793587191263213754e-05
1.771341339917853475e-05
1.395734398101922125e-05
4.204478682368062437e-05
2.214102642028592527e-05
1.264807815459789708e-05
6.991175905568525195e-05
3.685823321575298905e-05
4.019482366857118905e-05
3.432528683333657682e-05
2.237908665847498924e-05
1.652655555517412722e-05
1.573194822412915528e-05
1.952052298292983323e-05
1.901088035083375871e-05
4.377824006951414049e-05
1.946134034369606525e-05
7.407724478980526328e-05
3.314590139780193567e-05
1.599892493686638772e-05
2.272595884278416634e-05
2.147522718587424606e-05
1.650812737352680415e-05
2.491793202352710068e-05
1.829319990065414459e-05
1.632696694287005812e-05
2.873250741686206311e-05
3.196320176357403398e-05
3.836434916593134403e-05
2.977376425405964255e-05
7.226917659863829613e-05
1.817486008803825825e-05
2.113304799422621727e-05
5.086755481897853315e-05
2.134390888386406004e-05
2.806774136843159795e-05
2.661042526597157121e-05
2.857748040696606040e-05
3.014603498741053045e-05
2.787756966426968575e-05
2.053951538982801139e-05
2.788319397950544953e-05
2.756220783339813352e-05
4.240136695443652570e-05
2.409850640106014907e-05
2.006977592827752233e-05
1.739860636007506400e-05
2.149463944078888744e-05
4.361616083770059049e-05
1.729431642161216587e-05
4.369825182948261499e-05
1.159124149126000702e-04
1.991753561014775187e-05
9.129565296461805701e-05
3.623496741056442261e-05
3.461183587205596268e-05
2.932539609901141375e-05
2.954826595669146627e-05
3.465914778644219041e-05
2.692084854061249644e-05
7.446623203577473760e-05
5.865225102752447128e-05
3.516706419759429991e-05
3.023673343705013394e-05
3.163633664371445775e-05
3.139208274660632014e-05
4.613323471858166158e-05
3.085434218519367278e-05
3.041677518922369927e-05
2.979611599585041404e-05
2.812064849422313273e-05
3.088842277065850794e-05
2.554179263825062662e-05
3.361234121257439256e-05
2.355637661821674556e-05
2.381915328442119062e-05
4.661100319935940206e-05
2.363931525906082243e-05
2.286334893142338842e-05
2.198295806010719389e-05
2.042347114183939993e-05
2.062954808934591711e-05
1.991700810322072357e-05
2.625165689096320421e-05
3.534424104145728052e-05
1.891640931717120111e-05
1.921526745718438178e-05
1.926544973684940487e-05
1.738596074574161321e-05
1.937104207172524184e-05
1.909553793666418642e-05
1.867248647613450885e-05
1.942983726621605456e-05
2.726813363551627845e-05
1.989999873330816627e-05
1.979606167878955603e-05
1.967143907677382231e-05
1.096241612685844302e-05
1.971284109458792955e-05
1.950552723428700119e-05
1.940242691489402205e-05
1.939168760145548731e-05
1.910668106575030833e-05
1.458730093872873113e-05
1.217977751366561279e-05
1.823791171773336828e-05
1.814134884625673294e-05
1.798824087018147111e-05
8.887234798748977482e-06
3.346756420796737075e-05
1.749039438436739147e-05
1.708837044134270400e-05
1.675737985351588577e-05
1.641546259634196758e-05
1.613152744539547712e-05
1.576073373144026846e-05
1.552085268485825509e-05
1.529269502498209476e-05
2.235351348645053804e-05
1.471377800044137985e-05
1.125101698562502861e-05
1.388300370308570564e-05
1.351387527392944321e-05
1.321719446423230693e-05
1.278454237763071433e-05
1.237911328644258901e-05
1.200553469971055165e-05
1.166168021882185712e-05
1.130378495872719213e-05
1.085900385078275576e-05
1.052574316418031231e-05
1.023309687298024073e-05
9.224057066603563726e-06
1.036066805681912228e-05
1.037771471601445228e-05
1.042185522237559780e-05
1.628860081837046891e-05
2.261786175949964672e-05
1.037849415297387168e-05
2.763730299193412066e-05
4.485999670578166842e-05
1.042710846377303824e-05
1.019205319607863203e-05
1.018230977933853865e-05
1.001509281195467338e-05
1.001853797788498923e-05
1.000896008918061852e-05
9.921689525071997195e-06
9.682918971520848572e-06
9.511527423455845565e-06
9.355326255899854004e-06
3.792678762692958117e-05
3.938128884328762069e-06
2.622398824314586818e-06
8.676427569298539311e-06
3.742601256817579269e-05
8.492592314723879099e-06
8.331430763064417988e-06
8.226636055042035878e-06
8.018225344130769372e-06
7.714141247561201453e-06
6.082792424422223121e-06
7.280752015503821895e-06
7.170502158260205761e-06
6.041752840246772394e-06
6.856223080831114203e-06
6.639228104177163914e-06
7.772825483698397875e-06
6.406275588233256713e-06
6.260238478716928512e-06
6.103213308961130679e-06
6.138680419098818675e-06
6.143927294033346698e-06
3.042109892703592777e-05
6.093928732298081741e-06
6.144499820948112756e-06
2.622678948682732880e-06
6.200785719556733966e-06
6.145071438368177041e-06
6.089857379265595227e-06
5.764346155956445727e-07
1.912992502184351906e-06
2.141899130947422236e-06
1.795461321307811886e-05
3.522326733218505979e-05
3.422981899348087609e-05
3.345487129990942776e-05
3.790767368627712131e-05
5.330921339918859303e-06
3.225610998924821615e-05
2.081362981698475778e-05
5.099574991618283093e-06
4.979411187377991155e-06
4.910354164167074487e-06
4.914551027468405664e-06
4.822511073143687099e-06
4.755630016006762162e-06
4.666566383093595505e-06
3.795222437474876642e-05
2.182764910685364157e-05
4.301684384699910879e-06
9.534162018098868430e-06
4.061025265400530770e-06
1.661854548729024827e-05
2.446460166538599879e-05
3.875205493386602029e-06
3.793249334194115363e-06
3.662315975816454738e-06
3.463253051450010389e-06
4.590280241245636716e-06
7.492846634704619646e-05
2.442356503706832882e-07
6.604693771805614233e-05
3.815841773757711053e-05
3.775703660835461051e-08
2.008154660870786756e-05
4.052813437738223001e-06
2.042018195425043814e-06
1.928963683894835413e-06
1.818279315557447262e-06
1.718835846986621618e-06
1.623096068215090781e-06
1.528872985545604024e-06
1.443714154447661713e-06
1.362813350169744808e-06
1.284614768337632995e-06
1.210472078128077555e-06
1.141421307693235576e-06
1.074777514986635651e-06
1.013467340271745343e-06
9.556546274325228296e-07
8.995366442832164466e-07
8.470156558360031340e-07
7.967095712047012057e-07
7.504595487262122333e-07
7.071461141094914638e-07
6.668072956017567776e-07
6.285457061494525988e-07
2.977260010084137321e-05
3.642219681410097110e-08
3.684569674078375101e-05
1.594782042957376689e-05
3.075236963923089206e-05
1.432088225783445523e-08
9.212031727656722069e-06
3.901015475094027352e-07
1.036066169035620987e-05
1.698772211966570467e-05
2.184355616918765008e-05
2.949744157376699150e-05
3.764122811844572425e-05
2.930580376414582133e-05
7.860082405386492610e-05
2.905654525875434047e-07
3.408489135381387314e-07
3.567693420336581767e-05
3.673805792914208723e-07
3.636163228293298744e-07
3.527785565893282183e-07
3.833590017165988684e-05
4.661609182221582159e-06
3.404719564059632830e-07
3.330811750856810249e-07
